/ID-Antenna/-/Lat/-/Long/
1 45.016997703541485 7.599433268059249
2 45.01622128268915 7.6117785527902715
3 45.015876840842566 7.62544696955551
4 45.01451003848439 7.627458351895066
5 45.00886449353905 7.648862367809019
6 45.012192860646934 7.655140337253588
7 45.01652097966061 7.677396748189673
8 45.019118259963086 7.597037429299236
9 45.02055304378634 7.6089810409241
10 45.019140581120766 7.618954913783551
11 45.023831990056394 7.633153135830845
12 45.02510990388498 7.64104128097436
13 45.01896723741691 7.660373635290243
14 45.019341432201976 7.677038048717296
15 45.02579352829874 7.680314882558927
16 45.02560284008829 7.701239810397411
17 45.035782516847696 7.595586194791617
18 45.029656598121676 7.605921398840225
19 45.032011274302334 7.616623531917107
20 45.03504347925509 7.6385685784367325
21 45.03392426288495 7.649333225877064
22 45.033475953504926 7.6538203144691614
23 45.027169191744655 7.673137072531138
24 45.02916893978476 7.6852721817271314
25 45.0308926541535 7.702292884354883
26 45.03583920280333 7.714555835333044
27 45.03243535553685 7.720959284469716
28 45.03786650813016 7.594671565060113
29 45.03707181476924 7.603114060099143
30 45.04071332710038 7.621515991973313
31 45.03620613736339 7.6304972825055835
32 45.045327730942574 7.640474088706624
33 45.042336612608494 7.656928976368052
34 45.03600278772603 7.66867273873916
35 45.0404942363996 7.68030842256324
36 45.04298036133213 7.701254278494778
37 45.04044949844602 7.718404435728332
38 45.041194885177774 7.728955247860796
39 45.04086592711041 7.734247773380407
40 45.05180497688992 7.62295431928396
41 45.04744636446447 7.631930637394356
42 45.05188088226233 7.647203545271817
43 45.04543260199686 7.660871169615966
44 45.05246800509216 7.6687452146569655
45 45.0472676209621 7.681047917324982
46 45.05423725998311 7.693760793681866
47 45.04843297712775 7.709634477652836
48 45.05063704714833 7.720838589449869
49 45.04564493215375 7.739415097341574
50 45.05316768168395 7.7495568550707254
51 45.06317223877093 7.613152408836139
52 45.06137305405641 7.617484177746218
53 45.06179711559174 7.639536585168132
54 45.05558944692573 7.652226170206514
55 45.0617970043052 7.657835524354957
56 45.063340252113896 7.6691657806418405
57 45.0604959805716 7.684854123000679
58 45.062411271605036 7.6996544712679595
59 45.05858355600192 7.7077144599418075
60 45.05954007285516 7.730814529073208
61 45.057846232502975 7.745867807414501
62 45.05889524957694 7.752861906485045
63 45.07235827501536 7.606507561623013
64 45.0720996123115 7.615671920373072
65 45.069629851948825 7.630475906043411
66 45.068780955055935 7.640625876021526
67 45.070059570708025 7.664439995996402
68 45.072162881813824 7.675421991721443
69 45.06576507567348 7.685751904368575
70 45.06978108101878 7.696142926673321
71 45.06495371258297 7.7089930943604505
72 45.06971456381711 7.721557368586112
73 45.06774219786761 7.735733613870433
74 45.0693191147327 7.754993741003752
75 45.070071140851226 7.759754958392434
76 45.08109839814794 7.610977565733269
77 45.07934398156603 7.622929985732288
78 45.08168991334656 7.6361505581146245
79 45.076929402058155 7.648096152589644
80 45.0809097037239 7.662784142854887
81 45.07828709703647 7.678293145859875
82 45.082973068581204 7.687661072874087
83 45.07615411155262 7.694259086037987
84 45.07499110643259 7.711204165999736
85 45.07870957282985 7.726758796111507
86 45.082235475538084 7.745936990012236
87 45.08275781114435 7.7496485656101886
88 45.07662985043033 7.760671123439696
89 45.08491521297579 7.616783779914012
90 45.08571165767845 7.628508421020075
91 45.08797968268639 7.641079954480032
92 45.08906361832442 7.660354289676639
93 45.08494510471705 7.678747583836369
94 45.08638888841605 7.6885385865414495
95 45.087667769450405 7.6959326222603925
96 45.092188820526005 7.715041226880551
97 45.088804513901515 7.728987240749023
98 45.089373599488056 7.734694502700806
99 45.08399975205292 7.749120269385753
100 45.09861050669197 7.622729913541271
101 45.09596739984619 7.627513378333797
102 45.09695964460327 7.650405108044997
103 45.09301971278015 7.655418608619866
104 45.097975385401746 7.670482479606874
105 45.094548072379034 7.688174390187625
106 45.096893374496126 7.696751499905314
107 45.097649922298885 7.7104255081522775
108 45.09859372015947 7.727723758350624
109 45.09931766041594 7.740321428682045
110 45.10195198140346 7.751203139902078
111 45.105128453602894 7.613628097676706
112 45.103447981482155 7.615109814954269
113 45.11076436985775 7.636998412299284
114 45.106228544431886 7.64811343599682
115 45.10544463769175 7.662805517080817
116 45.10492795542204 7.667417715480999
117 45.105490851723715 7.682297907960932
118 45.10259251931845 7.699323499441401
119 45.104987659888344 7.706879769252711
120 45.10369116696344 7.728586028650055
121 45.10263894349838 7.745950526566558
122 45.1049489730255 7.747157388107403
123 45.113445279854105 7.62657168338272
124 45.11316107374318 7.630200056446258
125 45.11984976226411 7.653166222318399
126 45.120683279261634 7.65371201611261
127 45.1128807174544 7.670449795789861
128 45.11893410745315 7.685787891495439
129 45.11265240823813 7.706431973435599
130 45.11944143992204 7.709228982052006
131 45.11166569143295 7.729756679720496
132 45.116909778059295 7.733561710059597
133 45.12688433774041 7.6594498519359195
134 45.12987119277356 7.6759020465679315
135 45.12834609330301 7.684057952645558
136 45.13022832977078 7.70334149054316
137 45.12235234606141 7.714208150670276
138 45.12372611981163 7.726816090283437
139 45.134849989557985 7.66031447943538
140 45.13181292031689 7.670575777141978
141 45.13214186856936 7.683439946468171
142 45.131858278134196 7.70649481096269
143 45.13069522094645 7.711452202521981
144 45.13645091999459 7.720174205682228
