/ID-Task/  -/Lat/  -/Long/ -/Day/  -/Hour/ -/Minute/   -/Duration/ -/Remaining time/ -/Resources/    -/Coverage/ -/Ligitimacy/ -/on peak hour/ -/grid_number
1	 49.605030146401816	 6.129577634374387	 1	 9	 25	 40	 40	 9	 100	 True	 True	 112
2	 49.61347789889004	 6.127937981884763	 2	 18	 22	 50	 50	 2	 100	 True	 False	 127
3	 49.64666741345547	 6.104610465467524	 1	 18	 13	 40	 40	 3	 100	 True	 False	 229
4	 49.63472465684822	 6.141801074194946	 2	 9	 35	 50	 50	 2	 100	 True	 True	 189
5	 49.63037816441683	 6.1616906116651995	 2	 9	 29	 20	 20	 2	 100	 True	 True	 191
6	 49.639233286511946	 6.096368583537193	 1	 18	 41	 50	 50	 6	 100	 True	 False	 199
7	 49.63323636657951	 6.125523407540119	 2	 15	 19	 50	 50	 4	 100	 True	 False	 187
8	 49.61746320053317	 6.128586582211404	 1	 18	 28	 30	 30	 6	 100	 True	 False	 142
9	 49.58466124276805	 6.12420653926647	 2	 9	 9	 20	 20	 7	 100	 True	 True	 52
10	 49.63155625165288	 6.183843555063707	 2	 9	 20	 50	 50	 9	 100	 True	 True	 193
11	 49.581303981922645	 6.084970222964576	 1	 15	 19	 40	 40	 5	 100	 True	 False	 47
12	 49.63743505155642	 6.078551807555024	 2	 9	 17	 60	 60	 8	 100	 True	 True	 197
13	 49.60700516148807	 6.140732156568078	 1	 14	 11	 70	 70	 4	 100	 True	 False	 114
14	 49.62180999952827	 6.164229286423176	 1	 18	 32	 20	 20	 5	 100	 True	 False	 161
15	 49.60344841514379	 6.100538061200849	 1	 15	 21	 40	 40	 3	 100	 True	 False	 109
16	 49.62900970576829	 6.15781536855444	 2	 9	 19	 40	 40	 7	 100	 True	 True	 175
17	 49.61289837755108	 6.140793887830952	 1	 18	 5	 30	 30	 3	 100	 True	 False	 129
18	 49.621480372480704	 6.158671137928929	 2	 18	 30	 50	 50	 1	 100	 True	 False	 161
19	 49.60532188438691	 6.085977682213102	 1	 9	 54	 70	 70	 9	 100	 True	 True	 107
20	 49.616792170672255	 6.14354345713723	 2	 12	 25	 50	 50	 5	 100	 True	 False	 144
21	 49.608830324290636	 6.101578692663349	 2	 18	 45	 20	 20	 1	 100	 True	 False	 124
22	 49.60815203995573	 6.14682359656384	 1	 18	 41	 20	 20	 6	 100	 True	 False	 114
23	 49.60819335236345	 6.089321216129663	 2	 9	 27	 20	 20	 2	 100	 True	 True	 108
24	 49.64016411513859	 6.149110121128837	 1	 9	 21	 20	 20	 3	 100	 True	 True	 204
25	 49.61570893395638	 6.138334889064254	 1	 9	 27	 60	 60	 9	 100	 True	 True	 143
26	 49.59625344350472	 6.121587771960597	 1	 18	 18	 20	 20	 6	 100	 True	 False	 81
27	 49.615296343098414	 6.107706646337584	 2	 14	 40	 60	 60	 5	 100	 True	 False	 140
28	 49.60838700720793	 6.1859911417594455	 1	 18	 26	 30	 30	 2	 100	 True	 False	 119
29	 49.631949835328506	 6.160625861452019	 1	 15	 14	 60	 60	 2	 100	 True	 False	 191
30	 49.619048229608104	 6.175159267528374	 1	 9	 21	 70	 70	 1	 100	 True	 True	 147
31	 49.63039082621675	 6.111555682101085	 2	 14	 31	 40	 40	 3	 100	 True	 False	 185
32	 49.58364835657512	 6.112298649822056	 1	 18	 14	 60	 60	 7	 100	 True	 False	 50
33	 49.61532869169749	 6.129613700660144	 2	 9	 30	 50	 50	 9	 100	 True	 True	 142
34	 49.573848530467906	 6.1176864472306836	 1	 13	 18	 50	 50	 2	 100	 True	 False	 21
35	 49.64157014163594	 6.113230626661515	 1	 9	 11	 40	 40	 3	 100	 True	 True	 215
36	 49.635012631893005	 6.180723613433716	 1	 18	 37	 70	 70	 7	 100	 True	 False	 193
37	 49.63002883409342	 6.151933667780921	 1	 9	 55	 30	 30	 1	 100	 True	 True	 175
38	 49.6242004366542	 6.1251439761150035	 2	 12	 7	 20	 20	 4	 100	 True	 False	 157
39	 49.63333067772841	 6.109744243243391	 2	 9	 58	 70	 70	 8	 100	 True	 True	 185
40	 49.612302952144056	 6.099744618454502	 1	 9	 50	 70	 70	 3	 100	 True	 True	 124
41	 49.62115191380961	 6.143256174003306	 2	 18	 26	 30	 30	 1	 100	 True	 False	 159
42	 49.627005851514355	 6.1236767474932075	 1	 13	 1	 70	 70	 6	 100	 True	 False	 172
43	 49.61092250746089	 6.130995384847599	 2	 9	 44	 20	 20	 6	 100	 True	 True	 127
44	 49.62384000146352	 6.1505438681514715	 2	 15	 51	 30	 30	 4	 100	 True	 False	 160
45	 49.59804667844779	 6.123861544548669	 2	 9	 24	 60	 60	 7	 100	 True	 True	 97
46	 49.63185272197619	 6.158946091220943	 1	 12	 24	 20	 20	 6	 100	 True	 False	 191
47	 49.63778229149012	 6.116421547913011	 2	 18	 10	 30	 30	 1	 100	 True	 False	 201
48	 49.614024852689795	 6.120703371397551	 1	 9	 36	 50	 50	 1	 100	 True	 True	 141
49	 49.625745366556174	 6.107119566773184	 1	 9	 56	 30	 30	 9	 100	 True	 True	 170
50	 49.625737148035796	 6.177946083357415	 1	 18	 1	 60	 60	 3	 100	 True	 False	 178
51	 49.59396633602028	 6.127140843304395	 2	 18	 49	 60	 60	 4	 100	 True	 False	 82
52	 49.60162405611847	 6.10419350125384	 1	 9	 29	 40	 40	 4	 100	 True	 True	 94
53	 49.598914488719295	 6.132255790099057	 1	 9	 6	 40	 40	 8	 100	 True	 True	 98
54	 49.60367998923702	 6.082285166373635	 1	 18	 34	 70	 70	 2	 100	 True	 False	 107
55	 49.644791235248945	 6.101137711194612	 1	 12	 50	 30	 30	 7	 100	 True	 False	 214
56	 49.60384123125927	 6.099134494472928	 2	 18	 16	 60	 60	 2	 100	 True	 False	 109
57	 49.611785770462795	 6.126101125597155	 1	 18	 37	 50	 50	 3	 100	 True	 False	 127
58	 49.61668948804057	 6.115272948162546	 2	 9	 46	 40	 40	 8	 100	 True	 True	 141
59	 49.63555428827354	 6.180015814931339	 2	 15	 23	 60	 60	 4	 100	 True	 False	 193
60	 49.632281738702204	 6.1135331455409165	 1	 14	 2	 50	 50	 2	 100	 True	 False	 185
61	 49.62913610344445	 6.134777626867267	 1	 18	 21	 40	 40	 7	 100	 True	 False	 173
62	 49.618959297532705	 6.1712059585064	 1	 18	 37	 70	 70	 1	 100	 True	 False	 147
63	 49.56527391681373	 6.103171453371493	 1	 9	 5	 70	 70	 6	 100	 True	 True	 4
64	 49.58349673286536	 6.115895162346234	 1	 18	 24	 50	 50	 4	 100	 True	 False	 51
65	 49.611129677440665	 6.167238031066693	 2	 12	 56	 70	 70	 9	 100	 True	 False	 132
66	 49.63212742075833	 6.106320463854031	 2	 9	 9	 30	 30	 1	 100	 True	 True	 185
67	 49.60681008112158	 6.129385689985024	 2	 9	 15	 60	 60	 9	 100	 True	 True	 112
68	 49.61612287658756	 6.101142491566821	 1	 9	 43	 20	 20	 1	 100	 True	 True	 139
69	 49.62156462235906	 6.107658644882986	 1	 13	 54	 20	 20	 1	 100	 True	 False	 155
70	 49.6273319526627	 6.154693038900442	 1	 12	 2	 20	 20	 4	 100	 True	 False	 175
71	 49.62843454553913	 6.170717530604824	 1	 9	 35	 40	 40	 6	 100	 True	 True	 177
72	 49.643386818998195	 6.095239517532405	 1	 18	 29	 40	 40	 3	 100	 True	 False	 213
73	 49.633393134586306	 6.176391459992864	 2	 13	 36	 50	 50	 9	 100	 True	 False	 193
74	 49.627900683069	 6.119662266867828	 2	 14	 10	 60	 60	 7	 100	 True	 False	 171
75	 49.56721932434811	 6.10226521792334	 1	 18	 56	 50	 50	 1	 100	 True	 False	 4
76	 49.63825424254493	 6.081781901484979	 1	 9	 19	 70	 70	 5	 100	 True	 True	 197
77	 49.65011552909207	 6.160172540618873	 1	 18	 25	 20	 20	 1	 100	 True	 False	 236
78	 49.606222485443325	 6.162088728866001	 1	 9	 24	 60	 60	 5	 100	 True	 True	 116
79	 49.61817504104335	 6.1369901361500165	 1	 9	 46	 30	 30	 1	 100	 True	 True	 143
80	 49.603863829663425	 6.083912074025709	 1	 9	 42	 70	 70	 5	 100	 True	 True	 107
81	 49.602376098727866	 6.120296558053225	 1	 18	 44	 30	 30	 4	 100	 True	 False	 96
82	 49.60198596194146	 6.142512544201146	 1	 13	 3	 60	 60	 4	 100	 True	 False	 99
83	 49.58756493488587	 6.138069718586781	 2	 9	 41	 60	 60	 2	 100	 True	 True	 68
84	 49.6197397858223	 6.174446185105723	 2	 18	 23	 40	 40	 4	 100	 True	 False	 162
85	 49.621719892521305	 6.164444186965242	 1	 18	 44	 70	 70	 2	 100	 True	 False	 161
86	 49.6313538828529	 6.171476950884257	 2	 14	 24	 60	 60	 7	 100	 True	 False	 192
87	 49.63833468531513	 6.145822698727902	 1	 9	 25	 20	 20	 5	 100	 True	 True	 204
88	 49.617783401585996	 6.170435469882057	 2	 15	 45	 40	 40	 7	 100	 True	 False	 147
89	 49.634713393540764	 6.163046069250263	 2	 9	 39	 60	 60	 8	 100	 True	 True	 191
90	 49.61601493606963	 6.136683275561622	 2	 12	 23	 30	 30	 8	 100	 True	 False	 143
91	 49.62747998696052	 6.167097721800968	 1	 18	 55	 70	 70	 9	 100	 True	 False	 177
92	 49.59193108780514	 6.120438218185899	 2	 9	 45	 50	 50	 1	 100	 True	 True	 66
93	 49.609840823723374	 6.122270584299298	 1	 9	 56	 50	 50	 6	 100	 True	 True	 126
94	 49.615055861739826	 6.176657011253794	 2	 9	 45	 50	 50	 7	 100	 True	 True	 148
95	 49.600000808080125	 6.1159543046483025	 1	 14	 34	 20	 20	 2	 100	 True	 False	 96
96	 49.640859728562965	 6.100213496328163	 2	 9	 54	 20	 20	 9	 100	 True	 True	 199
97	 49.6362127965178	 6.0959884172352625	 2	 9	 23	 30	 30	 2	 100	 True	 True	 199
98	 49.613395752274755	 6.132788724196493	 2	 9	 28	 20	 20	 2	 100	 True	 True	 128
99	 49.612721362573055	 6.107886301123325	 1	 18	 31	 40	 40	 7	 100	 True	 False	 125
100	 49.64898167389071	 6.110181757890926	 1	 9	 30	 60	 60	 7	 100	 True	 True	 230
101	 49.57391924370181	 6.1179999488504295	 1	 9	 57	 20	 20	 2	 100	 True	 True	 21
102	 49.60377915861344	 6.136724968119313	 2	 14	 7	 40	 40	 6	 100	 True	 False	 113
103	 49.607854865171326	 6.147966575067733	 2	 18	 30	 20	 20	 6	 100	 True	 False	 114
104	 49.62760470752608	 6.169366199604208	 1	 9	 25	 50	 50	 2	 100	 True	 True	 177
105	 49.622647508777604	 6.119942509648239	 2	 9	 8	 70	 70	 7	 100	 True	 True	 156
106	 49.59875257152977	 6.142857448936751	 2	 9	 49	 60	 60	 8	 100	 True	 True	 99
107	 49.644094563573866	 6.128859983523011	 1	 9	 5	 60	 60	 5	 100	 True	 True	 217
108	 49.626606243318825	 6.101288441372154	 2	 9	 17	 70	 70	 4	 100	 True	 True	 169
109	 49.60240002577714	 6.106118154248497	 1	 15	 26	 20	 20	 9	 100	 True	 False	 95
110	 49.62272306146789	 6.15436357029768	 2	 18	 28	 50	 50	 3	 100	 True	 False	 160
111	 49.603266308739194	 6.136556041189751	 2	 9	 17	 60	 60	 5	 100	 True	 True	 113
112	 49.60582257738004	 6.1017554128045575	 2	 9	 51	 30	 30	 3	 100	 True	 True	 109
113	 49.63018370400375	 6.162555965198889	 2	 13	 22	 50	 50	 7	 100	 True	 False	 176
114	 49.608724982466626	 6.132758019727023	 1	 9	 45	 20	 20	 5	 100	 True	 True	 128
115	 49.59499050722679	 6.080176449690899	 1	 9	 45	 70	 70	 6	 100	 True	 True	 77
116	 49.63144711443666	 6.1659271988880695	 2	 18	 27	 50	 50	 2	 100	 True	 False	 191
117	 49.639012281640525	 6.1491868155599185	 1	 9	 47	 70	 70	 1	 100	 True	 True	 204
118	 49.61987081231591	 6.139012516131377	 2	 12	 27	 60	 60	 6	 100	 True	 False	 158
119	 49.639560069468956	 6.100401441879134	 2	 9	 38	 60	 60	 5	 100	 True	 True	 199
120	 49.580715002721874	 6.118036292811747	 1	 13	 33	 20	 20	 4	 100	 True	 False	 36
121	 49.63288748277028	 6.169847597344743	 2	 12	 6	 40	 40	 8	 100	 True	 False	 192
122	 49.60436247675579	 6.110203199324531	 1	 9	 13	 70	 70	 3	 100	 True	 True	 110
123	 49.604325952854175	 6.1203294088037525	 1	 13	 23	 60	 60	 8	 100	 True	 False	 111
124	 49.596430753198796	 6.119488500015139	 1	 9	 12	 20	 20	 9	 100	 True	 True	 81
125	 49.628392866559544	 6.1361170971654	 1	 18	 26	 40	 40	 4	 100	 True	 False	 173
126	 49.62556166977086	 6.11168538397272	 1	 12	 30	 30	 30	 1	 100	 True	 False	 170
127	 49.61905443903974	 6.165708981498382	 1	 9	 20	 30	 30	 7	 100	 True	 True	 146
128	 49.627902942667674	 6.105396509634474	 1	 18	 46	 30	 30	 9	 100	 True	 False	 170
129	 49.626969037471014	 6.095040777843784	 2	 18	 47	 60	 60	 8	 100	 True	 False	 168
130	 49.6250142601608	 6.135773176390742	 1	 18	 34	 40	 40	 4	 100	 True	 False	 173
131	 49.63554308813457	 6.096883835648657	 1	 9	 57	 70	 70	 4	 100	 True	 True	 184
132	 49.627026313600915	 6.160315959543433	 2	 9	 35	 40	 40	 3	 100	 True	 True	 176
133	 49.60708722825938	 6.125037189778211	 1	 13	 41	 30	 30	 3	 100	 True	 False	 112
134	 49.626553628473985	 6.1265359158984705	 1	 9	 49	 40	 40	 6	 100	 True	 True	 172
135	 49.603573040926406	 6.100952370761974	 2	 18	 37	 70	 70	 3	 100	 True	 False	 109
136	 49.59012264205577	 6.109601809826283	 2	 18	 3	 70	 70	 3	 100	 True	 False	 65
137	 49.58484500187154	 6.123255482110628	 2	 14	 52	 50	 50	 6	 100	 True	 False	 52
138	 49.593257826329626	 6.1107759197795755	 2	 9	 22	 30	 30	 7	 100	 True	 True	 80
139	 49.62575625029692	 6.1192967468520045	 2	 15	 26	 40	 40	 9	 100	 True	 False	 171
140	 49.63595236201247	 6.078815084995319	 2	 18	 57	 30	 30	 1	 100	 True	 False	 197
141	 49.624405213637345	 6.157689413528883	 1	 18	 23	 60	 60	 4	 100	 True	 False	 160
142	 49.59706629226171	 6.143880195607462	 2	 14	 12	 40	 40	 4	 100	 True	 False	 84
143	 49.60799927791588	 6.100206551041261	 1	 18	 28	 70	 70	 2	 100	 True	 False	 109
144	 49.59640682796731	 6.152361074451671	 2	 18	 49	 70	 70	 8	 100	 True	 False	 85
145	 49.59944934111683	 6.100497288085408	 1	 18	 38	 70	 70	 2	 100	 True	 False	 94
146	 49.607003588092255	 6.149442413770307	 1	 9	 24	 70	 70	 6	 100	 True	 True	 115
147	 49.61587610723554	 6.11740628465313	 2	 13	 14	 70	 70	 4	 100	 True	 False	 141
148	 49.630403134625666	 6.077325818692211	 1	 9	 13	 50	 50	 2	 100	 True	 True	 181
149	 49.624208700827836	 6.131668055608105	 1	 9	 20	 70	 70	 9	 100	 True	 True	 158
150	 49.62427701528183	 6.1187646436793806	 1	 13	 30	 20	 20	 8	 100	 True	 False	 156
151	 49.645194359828515	 6.127366202521465	 2	 15	 45	 50	 50	 6	 100	 True	 False	 217
152	 49.629670393520385	 6.1176841605248065	 2	 14	 19	 60	 60	 6	 100	 True	 False	 171
153	 49.60661792617088	 6.115958075203395	 2	 18	 2	 30	 30	 4	 100	 True	 False	 111
154	 49.608702231477736	 6.115794831095752	 2	 14	 33	 50	 50	 1	 100	 True	 False	 126
155	 49.58400251928274	 6.1238753639312185	 1	 9	 57	 60	 60	 7	 100	 True	 True	 52
156	 49.61007986443936	 6.097263548820753	 1	 12	 45	 70	 70	 8	 100	 True	 False	 124
157	 49.60166552207812	 6.151530360001072	 1	 14	 14	 30	 30	 5	 100	 True	 False	 100
158	 49.64254554600623	 6.119514253610424	 1	 15	 2	 40	 40	 6	 100	 True	 False	 216
159	 49.63469449178778	 6.169440315790329	 2	 9	 6	 20	 20	 2	 100	 True	 True	 192
160	 49.62144961090489	 6.125560140723655	 2	 14	 57	 30	 30	 5	 100	 True	 False	 157
161	 49.58229105380166	 6.115678270927479	 1	 9	 45	 40	 40	 9	 100	 True	 True	 51
162	 49.632392129123836	 6.105790716737548	 1	 14	 53	 40	 40	 5	 100	 True	 False	 185
163	 49.61837817830129	 6.132315547883052	 2	 9	 1	 70	 70	 8	 100	 True	 True	 143
164	 49.62816145614661	 6.135293674584333	 1	 13	 33	 50	 50	 7	 100	 True	 False	 173
165	 49.61657789970531	 6.11731914202707	 2	 18	 25	 70	 70	 7	 100	 True	 False	 141
166	 49.59097425640422	 6.1303146367630585	 2	 18	 53	 30	 30	 3	 100	 True	 False	 67
167	 49.64286561989969	 6.1200313387114145	 2	 13	 58	 40	 40	 6	 100	 True	 False	 216
168	 49.61833979258175	 6.136971267821408	 2	 9	 11	 40	 40	 5	 100	 True	 True	 143
169	 49.60363477727148	 6.144469427682583	 1	 18	 25	 50	 50	 8	 100	 True	 False	 114
170	 49.61863180407221	 6.1269554519538545	 2	 14	 13	 20	 20	 5	 100	 True	 False	 142
171	 49.612202695013075	 6.18562574075127	 1	 9	 21	 40	 40	 9	 100	 True	 True	 134
172	 49.586744772023714	 6.1087972281144	 1	 9	 7	 70	 70	 2	 100	 True	 True	 65
173	 49.62357844011487	 6.134121471338314	 2	 14	 23	 40	 40	 4	 100	 True	 False	 158
174	 49.62129387510858	 6.151299138215493	 1	 14	 11	 40	 40	 2	 100	 True	 False	 160
175	 49.631938804364665	 6.173397823956473	 1	 12	 3	 40	 40	 6	 100	 True	 False	 192
176	 49.605816792713824	 6.094001804799899	 2	 14	 52	 60	 60	 3	 100	 True	 False	 108
177	 49.60706866029652	 6.167603987175613	 1	 15	 53	 60	 60	 7	 100	 True	 False	 117
178	 49.58584512102466	 6.106986672417381	 1	 9	 0	 30	 30	 3	 100	 True	 True	 50
179	 49.63284472756737	 6.171776624632777	 1	 18	 2	 60	 60	 1	 100	 True	 False	 192
180	 49.60109784971007	 6.157373143395703	 2	 15	 44	 30	 30	 2	 100	 True	 False	 100
181	 49.64483834454796	 6.081859791535623	 2	 14	 6	 60	 60	 7	 100	 True	 False	 212
182	 49.60073713439026	 6.144734150672722	 1	 14	 45	 20	 20	 9	 100	 True	 False	 99
183	 49.599781550442586	 6.118834041664824	 1	 9	 35	 50	 50	 7	 100	 True	 True	 96
184	 49.638200644597816	 6.096961067234493	 2	 14	 29	 60	 60	 2	 100	 True	 False	 199
185	 49.643283043424574	 6.128907783695758	 2	 9	 53	 20	 20	 1	 100	 True	 True	 217
186	 49.63107758153438	 6.136624734640712	 1	 18	 35	 70	 70	 6	 100	 True	 False	 188
187	 49.60000255202728	 6.097699540812554	 1	 13	 52	 40	 40	 5	 100	 True	 False	 94
188	 49.610443802627586	 6.111328916790401	 2	 18	 25	 60	 60	 3	 100	 True	 False	 125
189	 49.633037113875346	 6.158091021181799	 1	 12	 27	 20	 20	 8	 100	 True	 False	 190
190	 49.59723910503126	 6.104467410927379	 2	 9	 41	 20	 20	 4	 100	 True	 True	 79
191	 49.58095877760675	 6.124407138580783	 2	 18	 52	 60	 60	 8	 100	 True	 False	 37
192	 49.59370361154869	 6.126744999746065	 2	 9	 46	 70	 70	 4	 100	 True	 True	 82
193	 49.620221523266736	 6.123090667237995	 2	 18	 46	 40	 40	 1	 100	 True	 False	 157
194	 49.61893394629627	 6.171220137737534	 2	 14	 42	 60	 60	 6	 100	 True	 False	 147
195	 49.59699729599959	 6.118066275527289	 2	 18	 32	 40	 40	 8	 100	 True	 False	 81
196	 49.64221079478668	 6.1262048985496245	 1	 14	 56	 30	 30	 7	 100	 True	 False	 217
197	 49.6094663668686	 6.167266532833316	 1	 9	 26	 20	 20	 1	 100	 True	 True	 132
198	 49.613427352254064	 6.145314582447214	 1	 12	 10	 50	 50	 7	 100	 True	 False	 129
199	 49.57686887339096	 6.085341778254126	 2	 9	 23	 50	 50	 7	 100	 True	 True	 32
200	 49.60814147894549	 6.174202917187886	 1	 18	 12	 70	 70	 5	 100	 True	 False	 117
201	 49.57821207192369	 6.083144247506483	 1	 12	 2	 20	 20	 4	 100	 True	 False	 32
202	 49.5888221219129	 6.102058405569741	 1	 18	 50	 70	 70	 1	 100	 True	 False	 64
203	 49.634097122308404	 6.166758886941456	 1	 9	 14	 60	 60	 2	 100	 True	 True	 191
204	 49.610809159949035	 6.1658109965220875	 2	 12	 23	 20	 20	 6	 100	 True	 False	 131
205	 49.60337586097473	 6.1060388726322525	 1	 9	 33	 50	 50	 2	 100	 True	 True	 110
206	 49.60080330033885	 6.124472913133947	 1	 18	 56	 50	 50	 8	 100	 True	 False	 97
207	 49.624573526972604	 6.1159481368406725	 1	 14	 41	 60	 60	 2	 100	 True	 False	 156
208	 49.62317996250952	 6.177919477738045	 1	 9	 5	 30	 30	 6	 100	 True	 True	 163
209	 49.63539689180535	 6.1397037810837505	 2	 9	 32	 20	 20	 3	 100	 True	 True	 188
210	 49.601709825431314	 6.13302153034564	 1	 9	 48	 20	 20	 3	 100	 True	 True	 98
211	 49.59722619149885	 6.104590308956383	 1	 9	 23	 20	 20	 6	 100	 True	 True	 79
212	 49.624736485067416	 6.143748626803558	 1	 18	 10	 40	 40	 8	 100	 True	 False	 159
213	 49.60925139873608	 6.101203164767133	 1	 13	 10	 40	 40	 1	 100	 True	 False	 124
214	 49.64485671491651	 6.089235443010266	 1	 9	 26	 50	 50	 5	 100	 True	 True	 213
215	 49.62341021698643	 6.103675227519569	 1	 14	 41	 40	 40	 4	 100	 True	 False	 154
216	 49.61114153740348	 6.132390145584047	 2	 15	 31	 40	 40	 2	 100	 True	 False	 128
217	 49.607326403378366	 6.165390870117046	 2	 14	 30	 40	 40	 1	 100	 True	 False	 116
218	 49.590781980114855	 6.104270383291516	 1	 9	 49	 60	 60	 1	 100	 True	 True	 64
219	 49.620687861252755	 6.160254676524727	 2	 18	 1	 40	 40	 6	 100	 True	 False	 161
220	 49.58308874923427	 6.0854395752423285	 2	 14	 12	 50	 50	 1	 100	 True	 False	 47
221	 49.64337377699587	 6.108671898427518	 1	 14	 48	 30	 30	 3	 100	 True	 False	 215
222	 49.64651959062428	 6.126110636036741	 2	 14	 27	 60	 60	 4	 100	 True	 False	 217
223	 49.62330142109997	 6.119360882225239	 2	 9	 18	 20	 20	 2	 100	 True	 True	 156
224	 49.61897925753779	 6.100715299820105	 1	 18	 57	 50	 50	 4	 100	 True	 False	 139
225	 49.60493013079368	 6.13346005332813	 2	 12	 43	 60	 60	 8	 100	 True	 False	 113
226	 49.628435012573355	 6.122031857074214	 2	 9	 44	 50	 50	 2	 100	 True	 True	 171
227	 49.60783744831866	 6.173638523310781	 1	 9	 14	 50	 50	 3	 100	 True	 True	 117
228	 49.62992259443291	 6.178117362527405	 2	 9	 39	 50	 50	 1	 100	 True	 True	 178
229	 49.60030462436668	 6.110374864282584	 2	 9	 34	 30	 30	 9	 100	 True	 True	 95
230	 49.60596257355504	 6.162540118191781	 1	 14	 18	 40	 40	 2	 100	 True	 False	 116
231	 49.60503738005807	 6.09520900434318	 1	 9	 57	 30	 30	 7	 100	 True	 True	 108
232	 49.61716072252281	 6.167603843329286	 1	 18	 44	 30	 30	 5	 100	 True	 False	 147
233	 49.636497966189395	 6.165121888443566	 1	 14	 43	 20	 20	 3	 100	 True	 False	 206
234	 49.63926651999456	 6.120767748588568	 2	 15	 17	 40	 40	 8	 100	 True	 False	 201
235	 49.61262727716254	 6.122656740247984	 2	 9	 2	 20	 20	 9	 100	 True	 True	 127
236	 49.59397245816413	 6.106667524185228	 1	 18	 3	 40	 40	 3	 100	 True	 False	 80
237	 49.609895308415275	 6.127795374165779	 2	 9	 9	 40	 40	 6	 100	 True	 True	 127
238	 49.60017869710439	 6.149037700234895	 1	 9	 18	 20	 20	 2	 100	 True	 True	 99
239	 49.64058749216785	 6.127022996456834	 2	 9	 34	 40	 40	 5	 100	 True	 True	 202
240	 49.61269771307931	 6.142510503899996	 2	 18	 51	 40	 40	 2	 100	 True	 False	 129
241	 49.58159707673511	 6.080378008026071	 2	 9	 27	 70	 70	 2	 100	 True	 True	 47
242	 49.62977952300251	 6.152924480949936	 1	 15	 26	 60	 60	 9	 100	 True	 False	 175
243	 49.60032528563682	 6.094287480576175	 2	 14	 30	 20	 20	 5	 100	 True	 False	 93
244	 49.5810954837548	 6.1121631311536895	 2	 18	 53	 60	 60	 9	 100	 True	 False	 50
245	 49.61269669942459	 6.10525613386979	 2	 18	 17	 60	 60	 6	 100	 True	 False	 125
246	 49.63845584929073	 6.086401624613538	 2	 13	 7	 20	 20	 3	 100	 True	 False	 197
247	 49.606619592872	 6.108259924640331	 1	 18	 30	 70	 70	 3	 100	 True	 False	 110
248	 49.63973835850897	 6.087428224633848	 1	 9	 46	 20	 20	 2	 100	 True	 True	 198
249	 49.590176660172766	 6.142082702185678	 1	 13	 9	 40	 40	 6	 100	 True	 False	 69
250	 49.60670830144051	 6.091190586778435	 2	 9	 44	 40	 40	 5	 100	 True	 True	 108
251	 49.59024881473151	 6.102751231156401	 1	 18	 45	 50	 50	 3	 100	 True	 False	 64
252	 49.62846901120793	 6.096367330613833	 1	 9	 49	 40	 40	 9	 100	 True	 True	 169
253	 49.61106221749385	 6.123416863494217	 1	 9	 10	 40	 40	 4	 100	 True	 True	 127
254	 49.62768453245118	 6.137728500535749	 2	 15	 33	 40	 40	 5	 100	 True	 False	 173
255	 49.601321387311756	 6.113324097573214	 2	 9	 17	 40	 40	 5	 100	 True	 True	 95
256	 49.60577444043769	 6.1012628901976225	 1	 9	 21	 60	 60	 2	 100	 True	 True	 109
257	 49.60746751410607	 6.114628443415667	 2	 9	 18	 70	 70	 1	 100	 True	 True	 111
258	 49.61328998882708	 6.134131160776763	 2	 13	 26	 40	 40	 4	 100	 True	 False	 128
259	 49.610975444227094	 6.16502522391955	 2	 15	 12	 70	 70	 9	 100	 True	 False	 131
260	 49.64977935817659	 6.157503762734023	 1	 12	 57	 20	 20	 3	 100	 True	 False	 235
261	 49.61415368873836	 6.1265059460328	 1	 18	 13	 40	 40	 6	 100	 True	 False	 142
262	 49.60685507034198	 6.16765774699299	 2	 9	 38	 60	 60	 9	 100	 True	 True	 117
263	 49.6044732414184	 6.085341276500424	 2	 9	 43	 70	 70	 1	 100	 True	 True	 107
264	 49.620406045986314	 6.142354165173506	 1	 9	 51	 50	 50	 2	 100	 True	 True	 159
265	 49.61851800376844	 6.161625461846299	 2	 14	 14	 40	 40	 9	 100	 True	 False	 146
266	 49.63847345165298	 6.1319523587130975	 2	 18	 49	 60	 60	 2	 100	 True	 False	 203
267	 49.62698961051522	 6.125319349827596	 1	 12	 1	 30	 30	 6	 100	 True	 False	 172
268	 49.61883073088525	 6.098910531127049	 2	 9	 40	 20	 20	 9	 100	 True	 True	 139
269	 49.635400698948814	 6.1153985269937285	 2	 18	 5	 60	 60	 5	 100	 True	 False	 186
270	 49.61656991018912	 6.149977316903405	 1	 9	 50	 60	 60	 3	 100	 True	 True	 145
271	 49.61872962680534	 6.1658503180539865	 2	 14	 54	 50	 50	 7	 100	 True	 False	 146
272	 49.613135118505575	 6.186641346115775	 1	 18	 7	 20	 20	 5	 100	 True	 False	 134
273	 49.62138571697442	 6.123080461400293	 1	 13	 21	 40	 40	 2	 100	 True	 False	 157
274	 49.60405126166691	 6.096478870064382	 1	 13	 0	 30	 30	 5	 100	 True	 False	 109
275	 49.59995262750428	 6.118949198224978	 2	 9	 8	 20	 20	 6	 100	 True	 True	 96
276	 49.61869235675987	 6.103462573882444	 2	 9	 46	 40	 40	 4	 100	 True	 True	 139
277	 49.596082924627396	 6.15140660873497	 1	 9	 3	 20	 20	 3	 100	 True	 True	 85
278	 49.62223741124446	 6.153239924129179	 2	 9	 5	 60	 60	 4	 100	 True	 True	 160
279	 49.61690164905139	 6.100349170464376	 1	 9	 48	 20	 20	 3	 100	 True	 True	 139
280	 49.61384025478501	 6.172409778881872	 1	 15	 38	 20	 20	 9	 100	 True	 False	 132
281	 49.59909346184048	 6.122155374870768	 1	 9	 51	 60	 60	 5	 100	 True	 True	 96
282	 49.58026913356155	 6.1217836602121425	 2	 9	 40	 70	 70	 3	 100	 True	 True	 36
283	 49.62193024448035	 6.114952743869099	 2	 9	 57	 70	 70	 2	 100	 True	 True	 156
284	 49.572464851754916	 6.108948093231777	 1	 18	 7	 70	 70	 6	 100	 True	 False	 20
285	 49.60512231943487	 6.090386916114177	 1	 9	 27	 50	 50	 2	 100	 True	 True	 108
286	 49.586206424975096	 6.117352874148919	 1	 9	 58	 30	 30	 7	 100	 True	 True	 51
287	 49.595717374510265	 6.117337714423299	 2	 15	 7	 70	 70	 1	 100	 True	 False	 81
288	 49.60953483795792	 6.160980594457008	 1	 18	 46	 70	 70	 6	 100	 True	 False	 131
289	 49.623901067740924	 6.124757385557002	 2	 15	 23	 70	 70	 2	 100	 True	 False	 157
290	 49.59266328995983	 6.090179987417567	 2	 9	 23	 30	 30	 3	 100	 True	 True	 78
291	 49.60281972633156	 6.093491678565319	 2	 9	 54	 60	 60	 3	 100	 True	 True	 93
292	 49.58438158385551	 6.125339760062661	 2	 9	 7	 70	 70	 7	 100	 True	 True	 52
293	 49.6304797957582	 6.171607387209234	 1	 9	 7	 30	 30	 3	 100	 True	 True	 192
294	 49.603254552521015	 6.133144225293834	 2	 18	 23	 40	 40	 9	 100	 True	 False	 113
295	 49.60286737591146	 6.123036693006314	 2	 18	 18	 20	 20	 8	 100	 True	 False	 97
296	 49.6084783868689	 6.13005081930528	 1	 15	 19	 20	 20	 7	 100	 True	 False	 127
297	 49.58339345329097	 6.116331662769353	 1	 9	 13	 60	 60	 7	 100	 True	 True	 51
298	 49.636324479599416	 6.161775791615717	 2	 15	 14	 40	 40	 9	 100	 True	 False	 206
299	 49.602951230908666	 6.15804123355697	 2	 9	 12	 40	 40	 3	 100	 True	 True	 115
300	 49.61839281855321	 6.161702687485881	 2	 13	 56	 70	 70	 4	 100	 True	 False	 146
301	 49.595515844866654	 6.137639941376429	 2	 9	 4	 30	 30	 2	 100	 True	 True	 83
302	 49.61033129274781	 6.164866751191977	 1	 9	 57	 70	 70	 8	 100	 True	 True	 131
303	 49.640462501682364	 6.096781095757672	 1	 9	 2	 20	 20	 4	 100	 True	 True	 199
304	 49.57184554419981	 6.109692250457146	 2	 13	 51	 50	 50	 5	 100	 True	 False	 20
305	 49.62279369409413	 6.154540419927783	 2	 15	 5	 50	 50	 2	 100	 True	 False	 160
306	 49.576811991345906	 6.108253290815519	 1	 9	 45	 40	 40	 4	 100	 True	 True	 35
307	 49.60865926441747	 6.116257980411053	 2	 9	 0	 70	 70	 1	 100	 True	 True	 126
308	 49.646601497463486	 6.103964698874703	 1	 18	 57	 70	 70	 4	 100	 True	 False	 214
309	 49.604505279596694	 6.124457322982012	 2	 18	 29	 20	 20	 4	 100	 True	 False	 112
310	 49.589057928029376	 6.124353642172124	 2	 9	 32	 30	 30	 8	 100	 True	 True	 67
311	 49.61436379150747	 6.126556234541754	 2	 18	 28	 60	 60	 8	 100	 True	 False	 142
312	 49.63668499295427	 6.143287752127246	 1	 18	 45	 30	 30	 5	 100	 True	 False	 204
313	 49.63993521444824	 6.10817091464978	 1	 18	 27	 30	 30	 4	 100	 True	 False	 200
314	 49.58227884540914	 6.122046162666944	 1	 9	 13	 20	 20	 9	 100	 True	 True	 51
315	 49.60590141702785	 6.151805489587145	 2	 9	 17	 50	 50	 9	 100	 True	 True	 115
316	 49.61941978276901	 6.169322782997833	 1	 18	 8	 70	 70	 6	 100	 True	 False	 162
317	 49.63032666779447	 6.11695795194278	 1	 9	 17	 40	 40	 4	 100	 True	 True	 186
318	 49.61091885457485	 6.144496434620087	 1	 13	 3	 70	 70	 6	 100	 True	 False	 129
319	 49.59984931025701	 6.097071483405509	 1	 13	 35	 30	 30	 6	 100	 True	 False	 94
320	 49.626705511783975	 6.0914006454001335	 2	 18	 26	 60	 60	 1	 100	 True	 False	 168
321	 49.64084156936799	 6.11173164280619	 2	 13	 48	 50	 50	 4	 100	 True	 False	 200
322	 49.6363401790049	 6.169519443447466	 1	 18	 53	 70	 70	 9	 100	 True	 False	 207
323	 49.63470477355128	 6.096089329256402	 2	 9	 28	 70	 70	 2	 100	 True	 True	 184
324	 49.6301164742171	 6.131685936308243	 1	 15	 15	 70	 70	 5	 100	 True	 False	 173
325	 49.62099263444427	 6.1119760553563	 1	 12	 11	 70	 70	 4	 100	 True	 False	 155
326	 49.591882869790226	 6.140139465692943	 1	 14	 6	 50	 50	 4	 100	 True	 False	 68
327	 49.58508507042515	 6.102796375557336	 1	 18	 34	 70	 70	 2	 100	 True	 False	 49
328	 49.61755556584265	 6.123692129908141	 1	 14	 34	 20	 20	 6	 100	 True	 False	 142
329	 49.63228984235533	 6.172881435441156	 2	 18	 5	 20	 20	 4	 100	 True	 False	 192
330	 49.622739850434954	 6.120019641828477	 1	 18	 1	 70	 70	 4	 100	 True	 False	 156
331	 49.61126317444881	 6.130891117377528	 2	 18	 12	 50	 50	 2	 100	 True	 False	 127
332	 49.61455676529891	 6.153616956525767	 1	 9	 29	 30	 30	 3	 100	 True	 True	 145
333	 49.63408505240962	 6.1407681050412535	 1	 9	 53	 70	 70	 3	 100	 True	 True	 189
334	 49.591882787049414	 6.126787035379367	 2	 12	 35	 70	 70	 9	 100	 True	 False	 67
335	 49.63193130768943	 6.073675487822177	 1	 9	 43	 60	 60	 2	 100	 True	 True	 181
336	 49.61430003473677	 6.175107545941314	 2	 14	 14	 40	 40	 4	 100	 True	 False	 147
337	 49.59230610191938	 6.107687283531132	 1	 9	 10	 50	 50	 9	 100	 True	 True	 80
338	 49.60267759630735	 6.083961001164814	 1	 13	 8	 20	 20	 7	 100	 True	 False	 92
339	 49.581760418414696	 6.1198114650741475	 1	 18	 30	 60	 60	 7	 100	 True	 False	 51
340	 49.60107580064635	 6.113476689316336	 1	 15	 42	 20	 20	 3	 100	 True	 False	 95
341	 49.60202008190853	 6.139452230081859	 2	 9	 15	 70	 70	 8	 100	 True	 True	 98
342	 49.61857674114362	 6.100072211660685	 1	 14	 24	 20	 20	 8	 100	 True	 False	 139
343	 49.60926838586557	 6.199368028479887	 2	 18	 23	 60	 60	 3	 100	 True	 False	 135
344	 49.61354706574835	 6.160184939740558	 2	 14	 42	 70	 70	 2	 100	 True	 False	 131
345	 49.621155980030416	 6.165435973745861	 2	 9	 36	 50	 50	 1	 100	 True	 True	 161
346	 49.632560852572	 6.1069747379339026	 1	 15	 57	 30	 30	 6	 100	 True	 False	 185
347	 49.633705357699995	 6.1642253553912205	 2	 15	 37	 60	 60	 9	 100	 True	 False	 191
348	 49.64348493846569	 6.078611526102866	 1	 13	 17	 60	 60	 7	 100	 True	 False	 212
349	 49.620403004263686	 6.179346910264051	 1	 12	 25	 30	 30	 9	 100	 True	 False	 163
350	 49.605021994380536	 6.129664037421699	 2	 9	 44	 70	 70	 6	 100	 True	 True	 112
351	 49.60425490494266	 6.1498609917612095	 2	 13	 23	 40	 40	 5	 100	 True	 False	 115
352	 49.598018481108305	 6.10278642349956	 1	 9	 52	 20	 20	 7	 100	 True	 True	 94
353	 49.63317223455746	 6.172411451198506	 2	 9	 56	 20	 20	 8	 100	 True	 True	 192
354	 49.614830427172166	 6.122733538951693	 1	 9	 32	 40	 40	 3	 100	 True	 True	 142
355	 49.60950689634574	 6.127911090493167	 2	 14	 39	 30	 30	 6	 100	 True	 False	 127
356	 49.618888191544656	 6.119084077262278	 1	 9	 10	 20	 20	 2	 100	 True	 True	 141
357	 49.599002371727174	 6.120065316062813	 1	 9	 16	 50	 50	 4	 100	 True	 True	 96
358	 49.61656619675053	 6.1213536515717735	 2	 9	 24	 40	 40	 9	 100	 True	 True	 141
359	 49.648216134396755	 6.110772084733656	 2	 14	 33	 40	 40	 8	 100	 True	 False	 230
360	 49.627381043565	 6.089951910596413	 1	 9	 14	 30	 30	 3	 100	 True	 True	 168
361	 49.64117567839278	 6.119087683268636	 2	 9	 0	 70	 70	 9	 100	 True	 True	 216
362	 49.60411579401505	 6.126120945727258	 1	 13	 57	 40	 40	 8	 100	 True	 False	 112
363	 49.6126556969963	 6.142458431645713	 1	 9	 1	 60	 60	 2	 100	 True	 True	 129
364	 49.62346099092121	 6.104461415981708	 1	 9	 30	 40	 40	 4	 100	 True	 True	 154
365	 49.635127368361786	 6.157628958406967	 2	 18	 16	 30	 30	 2	 100	 True	 False	 190
366	 49.578805137879215	 6.11150418751271	 1	 18	 39	 60	 60	 2	 100	 True	 False	 35
367	 49.605119390651076	 6.103048093576386	 2	 12	 23	 30	 30	 6	 100	 True	 False	 109
368	 49.61941103193944	 6.12917473531667	 2	 14	 28	 50	 50	 3	 100	 True	 False	 157
369	 49.605486438423156	 6.1670908557442745	 2	 9	 23	 70	 70	 3	 100	 True	 True	 117
370	 49.62753904976882	 6.124990539162854	 2	 12	 54	 20	 20	 9	 100	 True	 False	 172
371	 49.63557833099869	 6.177394339537566	 1	 18	 36	 30	 30	 8	 100	 True	 False	 193
372	 49.64264597485392	 6.141819513574533	 2	 18	 44	 40	 40	 3	 100	 True	 False	 219
373	 49.61500253632251	 6.136264998801071	 2	 18	 33	 60	 60	 2	 100	 True	 False	 143
374	 49.63464517958803	 6.083463216307355	 1	 18	 50	 20	 20	 5	 100	 True	 False	 182
375	 49.6332259254927	 6.101231984557397	 2	 9	 11	 20	 20	 8	 100	 True	 True	 184
376	 49.58519369932755	 6.1307961048094635	 2	 9	 29	 50	 50	 7	 100	 True	 True	 52
377	 49.612091107913855	 6.106398725841304	 1	 15	 34	 70	 70	 5	 100	 True	 False	 125
378	 49.6411002573857	 6.100072825458239	 2	 14	 25	 60	 60	 6	 100	 True	 False	 199
379	 49.64797678237787	 6.15661876343592	 1	 9	 21	 70	 70	 7	 100	 True	 True	 235
380	 49.57724709889685	 6.10642364753532	 2	 9	 6	 40	 40	 5	 100	 True	 True	 35
381	 49.621069233161954	 6.150590124909328	 2	 9	 10	 30	 30	 1	 100	 True	 True	 160
382	 49.624336697238355	 6.104422979611966	 2	 9	 2	 40	 40	 3	 100	 True	 True	 154
383	 49.5903614034747	 6.120177761538472	 2	 9	 17	 30	 30	 6	 100	 True	 True	 66
384	 49.60746910936245	 6.1535407819136045	 1	 18	 41	 40	 40	 2	 100	 True	 False	 115
385	 49.60991268703804	 6.121279110678344	 2	 13	 49	 60	 60	 9	 100	 True	 False	 126
386	 49.61599841925327	 6.129757350322199	 1	 18	 36	 60	 60	 7	 100	 True	 False	 142
387	 49.63364456827872	 6.1418629896525045	 1	 9	 33	 40	 40	 1	 100	 True	 True	 189
388	 49.584633364553845	 6.120737986513458	 1	 9	 17	 50	 50	 6	 100	 True	 True	 51
389	 49.61034387795766	 6.111589536461942	 2	 9	 56	 40	 40	 8	 100	 True	 True	 125
390	 49.62611960199823	 6.155084868890463	 2	 9	 26	 40	 40	 6	 100	 True	 True	 175
391	 49.57183379849166	 6.107725826886517	 1	 9	 56	 60	 60	 6	 100	 True	 True	 20
392	 49.640538997036636	 6.110208155066102	 2	 9	 53	 20	 20	 5	 100	 True	 True	 200
393	 49.61182342931233	 6.0927393308084365	 1	 9	 26	 50	 50	 5	 100	 True	 True	 123
394	 49.649129669106465	 6.138023483295538	 2	 14	 33	 50	 50	 8	 100	 True	 False	 233
395	 49.63882582293144	 6.149731965771106	 1	 9	 39	 60	 60	 1	 100	 True	 True	 205
396	 49.602734772798925	 6.1377541474563735	 1	 14	 19	 30	 30	 1	 100	 True	 False	 98
397	 49.6399247856719	 6.124684861223779	 1	 14	 51	 40	 40	 6	 100	 True	 False	 202
398	 49.615159098794194	 6.174377542995733	 1	 9	 13	 40	 40	 8	 100	 True	 True	 147
399	 49.59448655185027	 6.120496866175949	 1	 9	 49	 50	 50	 5	 100	 True	 True	 81
400	 49.619316859321316	 6.113859110896818	 1	 9	 53	 60	 60	 5	 100	 True	 True	 141
401	 49.618105900957495	 6.137209480469134	 1	 9	 27	 50	 50	 4	 100	 True	 True	 143
402	 49.61933905050178	 6.145231805472773	 1	 18	 28	 60	 60	 7	 100	 True	 False	 159
403	 49.601375341428096	 6.090637166220118	 1	 18	 39	 60	 60	 7	 100	 True	 False	 93
404	 49.633721898381225	 6.177012906087258	 2	 12	 44	 50	 50	 6	 100	 True	 False	 193
405	 49.608517946017486	 6.150681935515462	 1	 15	 52	 40	 40	 1	 100	 True	 False	 130
406	 49.63683589762426	 6.168587464220911	 2	 13	 44	 60	 60	 9	 100	 True	 False	 207
407	 49.627586572062334	 6.152072017874139	 1	 18	 38	 40	 40	 4	 100	 True	 False	 175
408	 49.63751032369827	 6.124239747118449	 1	 14	 39	 40	 40	 7	 100	 True	 False	 202
409	 49.60591465196061	 6.1233489729528054	 1	 15	 22	 40	 40	 1	 100	 True	 False	 112
410	 49.59821678002792	 6.126110954007083	 1	 9	 6	 40	 40	 4	 100	 True	 True	 97
411	 49.637574391256905	 6.085461858435208	 1	 12	 33	 40	 40	 9	 100	 True	 False	 197
412	 49.59089555893521	 6.140697774866971	 2	 14	 41	 70	 70	 2	 100	 True	 False	 69
413	 49.61718595891464	 6.160050363595818	 1	 13	 40	 20	 20	 9	 100	 True	 False	 146
414	 49.596490231344454	 6.123030379041703	 2	 18	 16	 70	 70	 7	 100	 True	 False	 82
415	 49.58038534720212	 6.115207071772476	 2	 12	 6	 30	 30	 8	 100	 True	 False	 36
416	 49.636692042825345	 6.177614028182256	 1	 18	 41	 60	 60	 2	 100	 True	 False	 208
417	 49.60310477412111	 6.104928496666742	 2	 15	 53	 20	 20	 6	 100	 True	 False	 110
418	 49.57950503661968	 6.094301286092884	 2	 18	 19	 30	 30	 5	 100	 True	 False	 33
419	 49.61729807816037	 6.143604977378728	 1	 9	 58	 70	 70	 9	 100	 True	 True	 144
420	 49.615532198983715	 6.138597389218464	 1	 18	 36	 40	 40	 8	 100	 True	 False	 143
421	 49.601810601830294	 6.12716308259504	 2	 12	 1	 70	 70	 1	 100	 True	 False	 97
422	 49.63158518888132	 6.093061138583698	 1	 9	 38	 20	 20	 7	 100	 True	 True	 183
423	 49.60101911270796	 6.12573320484775	 2	 13	 13	 40	 40	 4	 100	 True	 False	 97
424	 49.61274608223881	 6.121299199351612	 2	 9	 5	 30	 30	 8	 100	 True	 True	 126
425	 49.620566422718916	 6.163073899457453	 2	 9	 30	 70	 70	 2	 100	 True	 True	 161
426	 49.62363275126591	 6.123924959217633	 2	 9	 36	 40	 40	 1	 100	 True	 True	 157
427	 49.645835954164355	 6.09342448009121	 1	 9	 43	 30	 30	 5	 100	 True	 True	 213
428	 49.597804508873985	 6.121671101690403	 1	 9	 20	 30	 30	 7	 100	 True	 True	 96
429	 49.62660842521655	 6.13211709293634	 2	 15	 54	 20	 20	 6	 100	 True	 False	 173
430	 49.62452771275449	 6.1679975625871934	 2	 15	 42	 40	 40	 2	 100	 True	 False	 162
431	 49.628802075346215	 6.1675608330751395	 1	 9	 27	 40	 40	 2	 100	 True	 True	 177
432	 49.63673602602832	 6.0782403918042185	 2	 9	 41	 70	 70	 4	 100	 True	 True	 197
433	 49.62153774909767	 6.139953378381123	 1	 18	 16	 60	 60	 5	 100	 True	 False	 158
434	 49.59044035817465	 6.122827296720851	 1	 9	 7	 60	 60	 4	 100	 True	 True	 67
435	 49.618351535429426	 6.134386449683801	 1	 9	 2	 70	 70	 5	 100	 True	 True	 143
436	 49.6440507675503	 6.09868751848021	 1	 18	 34	 60	 60	 4	 100	 True	 False	 214
437	 49.620826426845476	 6.1863842551888295	 1	 9	 26	 50	 50	 8	 100	 True	 True	 164
438	 49.63283336250164	 6.163495896968281	 2	 13	 32	 60	 60	 3	 100	 True	 False	 191
439	 49.58970328307715	 6.095634925141885	 1	 9	 13	 20	 20	 2	 100	 True	 True	 63
440	 49.618458834683324	 6.161969233303554	 1	 12	 25	 30	 30	 6	 100	 True	 False	 146
441	 49.59645744804988	 6.131085779455716	 1	 14	 24	 30	 30	 1	 100	 True	 False	 82
442	 49.61746349987485	 6.116101497756608	 1	 9	 14	 50	 50	 7	 100	 True	 True	 141
443	 49.619061068872455	 6.164441892898508	 1	 9	 15	 20	 20	 6	 100	 True	 True	 146
444	 49.58452749792744	 6.118005361379775	 1	 14	 10	 50	 50	 7	 100	 True	 False	 51
445	 49.61976853184618	 6.099735921580242	 2	 9	 36	 60	 60	 9	 100	 True	 True	 154
446	 49.62359687044449	 6.137589302007682	 2	 9	 38	 50	 50	 7	 100	 True	 True	 158
447	 49.620331128527184	 6.167535112998156	 2	 18	 18	 70	 70	 9	 100	 True	 False	 162
448	 49.62772167584054	 6.1533527173332665	 1	 12	 24	 70	 70	 4	 100	 True	 False	 175
449	 49.586405811353394	 6.120801162848908	 1	 14	 31	 60	 60	 4	 100	 True	 False	 51
450	 49.63390046752865	 6.1661594348180175	 2	 18	 36	 70	 70	 9	 100	 True	 False	 191
451	 49.620695976479276	 6.154679820325961	 2	 13	 17	 50	 50	 6	 100	 True	 False	 160
452	 49.60871583531312	 6.127188816278179	 2	 18	 45	 30	 30	 6	 100	 True	 False	 127
453	 49.58864303666593	 6.099139223758505	 1	 15	 28	 60	 60	 5	 100	 True	 False	 64
454	 49.59160295753306	 6.105605318915347	 2	 9	 32	 20	 20	 7	 100	 True	 True	 65
455	 49.6106423818533	 6.147422217960356	 2	 13	 20	 70	 70	 5	 100	 True	 False	 129
456	 49.60237575785685	 6.110648779427982	 1	 15	 39	 20	 20	 4	 100	 True	 False	 95
457	 49.58525651027807	 6.1044781699094495	 2	 9	 31	 40	 40	 9	 100	 True	 True	 49
458	 49.600925275195074	 6.1041548680651605	 2	 9	 42	 50	 50	 4	 100	 True	 True	 94
459	 49.58520321202603	 6.13125104835901	 1	 18	 5	 50	 50	 9	 100	 True	 False	 52
460	 49.60362301901241	 6.138712140932089	 2	 12	 36	 50	 50	 2	 100	 True	 False	 113
461	 49.603986632619986	 6.158561086751658	 2	 18	 51	 20	 20	 6	 100	 True	 False	 116
462	 49.587082581146085	 6.116514106431909	 1	 18	 20	 30	 30	 2	 100	 True	 False	 66
463	 49.61220778200053	 6.141642981133993	 2	 13	 20	 50	 50	 6	 100	 True	 False	 129
464	 49.599454985234104	 6.130867050458197	 1	 9	 31	 20	 20	 5	 100	 True	 True	 97
465	 49.59792791766419	 6.11792536078798	 2	 9	 14	 40	 40	 8	 100	 True	 True	 96
466	 49.578029424423235	 6.1076819258771495	 2	 9	 53	 40	 40	 8	 100	 True	 True	 35
467	 49.643483032250785	 6.113543990248432	 2	 12	 8	 40	 40	 3	 100	 True	 False	 215
468	 49.63722211050646	 6.173844388443244	 2	 9	 27	 30	 30	 8	 100	 True	 True	 207
469	 49.606152839769486	 6.1535303158057415	 1	 9	 52	 60	 60	 8	 100	 True	 True	 115
470	 49.61072060615753	 6.096187149813211	 1	 14	 39	 30	 30	 8	 100	 True	 False	 124
471	 49.61508983195956	 6.116402754605705	 2	 18	 48	 50	 50	 5	 100	 True	 False	 141
472	 49.627493448603815	 6.146931469659401	 2	 14	 20	 60	 60	 3	 100	 True	 False	 174
473	 49.59688172595305	 6.113538600521631	 2	 14	 12	 60	 60	 4	 100	 True	 False	 80
474	 49.59589211877432	 6.128713842229824	 2	 18	 14	 50	 50	 8	 100	 True	 False	 82
475	 49.60172560385234	 6.094524276615679	 2	 18	 56	 20	 20	 5	 100	 True	 False	 93
476	 49.584229544745384	 6.119735035402677	 2	 15	 15	 40	 40	 4	 100	 True	 False	 51
477	 49.64839586361541	 6.134574970513037	 2	 18	 49	 40	 40	 2	 100	 True	 False	 233
478	 49.6060535836307	 6.127225773099916	 1	 18	 30	 70	 70	 7	 100	 True	 False	 112
479	 49.61381706711389	 6.134784133601094	 2	 13	 22	 60	 60	 1	 100	 True	 False	 128
480	 49.60840995948931	 6.120369392977862	 2	 12	 2	 40	 40	 6	 100	 True	 False	 126
481	 49.6371757873579	 6.164836082160847	 2	 18	 56	 30	 30	 4	 100	 True	 False	 206
482	 49.60385394168279	 6.082505076170578	 2	 9	 38	 20	 20	 6	 100	 True	 True	 107
483	 49.62221325179568	 6.181604922193463	 1	 15	 55	 50	 50	 4	 100	 True	 False	 163
484	 49.62209920623352	 6.136115876379672	 2	 13	 8	 30	 30	 1	 100	 True	 False	 158
485	 49.58499438939519	 6.1199972857822305	 1	 9	 28	 40	 40	 4	 100	 True	 True	 51
486	 49.63819749515906	 6.079740999519697	 2	 14	 43	 30	 30	 6	 100	 True	 False	 197
487	 49.588896970787644	 6.126490854541692	 1	 9	 7	 50	 50	 4	 100	 True	 True	 67
488	 49.64873968372743	 6.134339627123632	 2	 13	 33	 50	 50	 8	 100	 True	 False	 233
489	 49.61700552439381	 6.1455910615980205	 2	 9	 20	 70	 70	 6	 100	 True	 True	 144
490	 49.633552043220064	 6.124940650068106	 2	 9	 29	 60	 60	 3	 100	 True	 True	 187
491	 49.59804667844779	 6.123861544548669	 1	 9	 54	 40	 40	 7	 100	 True	 True	 97
492	 49.6039975697779	 6.1041903923941465	 1	 9	 10	 30	 30	 6	 100	 True	 True	 109
493	 49.60653632916722	 6.156210147846503	 2	 9	 40	 20	 20	 5	 100	 True	 True	 115
494	 49.592835348428416	 6.075886672833271	 2	 9	 38	 50	 50	 4	 100	 True	 True	 76
495	 49.62201581724464	 6.187247827475706	 2	 14	 23	 30	 30	 4	 100	 True	 False	 164
496	 49.63191727626444	 6.174231384627088	 1	 18	 22	 40	 40	 2	 100	 True	 False	 192
497	 49.63503007286129	 6.130415511442548	 1	 12	 12	 60	 60	 7	 100	 True	 False	 187
498	 49.604399934454115	 6.11715790466848	 2	 18	 33	 50	 50	 8	 100	 True	 False	 111
499	 49.62521899054471	 6.149175977613802	 1	 9	 20	 30	 30	 7	 100	 True	 True	 174
500	 49.59730129928297	 6.147399348252326	 1	 9	 43	 50	 50	 6	 100	 True	 True	 84
501	 49.60233419040276	 6.095910887870943	 2	 15	 42	 60	 60	 8	 100	 True	 False	 93
502	 49.614296862943895	 6.166611314541206	 1	 18	 36	 50	 50	 7	 100	 True	 False	 146
503	 49.6361188958166	 6.115441617641126	 2	 9	 47	 60	 60	 4	 100	 True	 True	 201
504	 49.63436956905549	 6.170199057271387	 1	 9	 23	 30	 30	 3	 100	 True	 True	 192
505	 49.607096820154425	 6.137052926902875	 1	 9	 42	 70	 70	 1	 100	 True	 True	 113
506	 49.61936062933418	 6.167490121427558	 2	 9	 42	 50	 50	 3	 100	 True	 True	 162
507	 49.6264332789213	 6.15706913804502	 2	 9	 36	 70	 70	 4	 100	 True	 True	 175
508	 49.628292571636884	 6.108128126534551	 1	 9	 23	 60	 60	 2	 100	 True	 True	 170
509	 49.61756263009931	 6.125581738135959	 2	 14	 12	 60	 60	 8	 100	 True	 False	 142
510	 49.60192275308145	 6.116063262029347	 1	 13	 44	 20	 20	 4	 100	 True	 False	 96
511	 49.6202913234348	 6.145499166460377	 2	 18	 36	 60	 60	 6	 100	 True	 False	 159
512	 49.630667596132874	 6.175521899031111	 1	 18	 0	 60	 60	 8	 100	 True	 False	 192
513	 49.637445368060085	 6.113603933698764	 1	 15	 49	 70	 70	 9	 100	 True	 False	 200
514	 49.62311488749584	 6.12120553597888	 1	 18	 10	 40	 40	 9	 100	 True	 False	 156
515	 49.61127780579592	 6.134040997147249	 1	 18	 16	 60	 60	 2	 100	 True	 False	 128
516	 49.58004025650416	 6.095246848007415	 1	 18	 18	 30	 30	 7	 100	 True	 False	 33
517	 49.60954735348009	 6.136931018966978	 1	 9	 18	 60	 60	 2	 100	 True	 True	 128
518	 49.598392614225126	 6.085919952955638	 2	 12	 4	 70	 70	 1	 100	 True	 False	 92
519	 49.638167322061925	 6.107397842088301	 2	 15	 29	 40	 40	 5	 100	 True	 False	 200
520	 49.59861003481444	 6.12130747638758	 2	 9	 57	 20	 20	 4	 100	 True	 True	 96
521	 49.59082322916157	 6.141478398739714	 2	 12	 22	 50	 50	 3	 100	 True	 False	 69
522	 49.60641926462275	 6.134636248152347	 1	 9	 40	 30	 30	 4	 100	 True	 True	 113
523	 49.633667483093014	 6.108179382400294	 1	 18	 37	 50	 50	 2	 100	 True	 False	 185
524	 49.62425507331865	 6.134468300867509	 2	 18	 50	 30	 30	 1	 100	 True	 False	 158
525	 49.6336284947731	 6.1656982386227135	 1	 9	 5	 70	 70	 4	 100	 True	 True	 191
526	 49.61910381752022	 6.110741486581642	 1	 9	 26	 70	 70	 7	 100	 True	 True	 140
527	 49.629497412019035	 6.156853017881755	 2	 18	 51	 30	 30	 2	 100	 True	 False	 175
528	 49.63150128009607	 6.077899162205645	 1	 12	 35	 50	 50	 8	 100	 True	 False	 181
529	 49.60757775084296	 6.118258055285227	 1	 18	 8	 30	 30	 2	 100	 True	 False	 111
530	 49.61682699533175	 6.1455872567754035	 1	 9	 12	 40	 40	 8	 100	 True	 True	 144
531	 49.59278999178322	 6.11808577826565	 2	 12	 33	 70	 70	 6	 100	 True	 False	 81
532	 49.61539000024555	 6.155695161791976	 1	 18	 38	 60	 60	 8	 100	 True	 False	 145
533	 49.596910188312684	 6.136238258962368	 2	 14	 51	 30	 30	 6	 100	 True	 False	 83
534	 49.645889793388584	 6.090723876364649	 2	 9	 48	 30	 30	 2	 100	 True	 True	 213
535	 49.63706820175764	 6.118878505488508	 2	 9	 9	 60	 60	 8	 100	 True	 True	 201
536	 49.60837587139395	 6.1110100566173315	 1	 18	 13	 70	 70	 3	 100	 True	 False	 110
537	 49.61772319859272	 6.116290173950144	 2	 18	 49	 20	 20	 5	 100	 True	 False	 141
538	 49.62267383254631	 6.107260171972196	 1	 9	 33	 70	 70	 4	 100	 True	 True	 155
539	 49.605908837480264	 6.102725381069535	 2	 9	 8	 60	 60	 1	 100	 True	 True	 109
540	 49.62281069090033	 6.184416006912914	 1	 9	 50	 40	 40	 4	 100	 True	 True	 163
541	 49.61014169078352	 6.123365061649138	 2	 9	 33	 20	 20	 8	 100	 True	 True	 127
542	 49.61364419527401	 6.161804996147832	 1	 14	 8	 30	 30	 5	 100	 True	 False	 131
543	 49.610667520884185	 6.139534530340737	 1	 9	 20	 70	 70	 5	 100	 True	 True	 128
544	 49.61224377814906	 6.126226123453618	 1	 18	 52	 30	 30	 8	 100	 True	 False	 127
545	 49.607195042407675	 6.160577340917996	 2	 14	 33	 50	 50	 6	 100	 True	 False	 116
546	 49.610886873137765	 6.10657439105776	 2	 9	 9	 40	 40	 1	 100	 True	 True	 125
547	 49.58902066100509	 6.099137457133396	 1	 9	 8	 40	 40	 2	 100	 True	 True	 64
548	 49.610055669326144	 6.130885897215864	 1	 15	 8	 20	 20	 7	 100	 True	 False	 127
549	 49.605421167769606	 6.14149737155101	 2	 9	 44	 50	 50	 6	 100	 True	 True	 114
550	 49.61784416882447	 6.124280881287446	 2	 18	 3	 40	 40	 4	 100	 True	 False	 142
551	 49.59500989857626	 6.121774001816608	 2	 18	 44	 60	 60	 2	 100	 True	 False	 81
552	 49.64321323299336	 6.088806837906729	 2	 15	 11	 60	 60	 8	 100	 True	 False	 213
553	 49.613132109348655	 6.127086409382026	 1	 9	 15	 20	 20	 2	 100	 True	 True	 127
554	 49.589421114103715	 6.12598069505543	 1	 9	 18	 30	 30	 2	 100	 True	 True	 67
555	 49.595786408012756	 6.136311869718341	 2	 15	 5	 70	 70	 2	 100	 True	 False	 83
556	 49.581072999789285	 6.123671755868494	 2	 9	 50	 40	 40	 5	 100	 True	 True	 37
557	 49.63594493570003	 6.164672717500444	 2	 18	 52	 70	 70	 9	 100	 True	 False	 206
558	 49.61948653184422	 6.167415708118611	 2	 9	 43	 50	 50	 9	 100	 True	 True	 162
559	 49.63061784850608	 6.147303550705313	 1	 13	 37	 20	 20	 7	 100	 True	 False	 189
560	 49.62036092109692	 6.171429406568954	 1	 14	 20	 20	 20	 9	 100	 True	 False	 162
561	 49.6261917918392	 6.136543501339075	 1	 9	 24	 60	 60	 3	 100	 True	 True	 173
562	 49.61361327405355	 6.124515038519857	 1	 13	 11	 20	 20	 3	 100	 True	 False	 127
563	 49.61973316632433	 6.143130712344903	 1	 9	 20	 70	 70	 8	 100	 True	 True	 159
564	 49.59964940530642	 6.10554870344975	 2	 9	 37	 40	 40	 9	 100	 True	 True	 95
565	 49.635361195500955	 6.1194110040276755	 2	 9	 1	 60	 60	 2	 100	 True	 True	 186
566	 49.63893120782798	 6.1488444642775955	 1	 9	 5	 60	 60	 2	 100	 True	 True	 204
567	 49.61464099003763	 6.121818376708936	 2	 18	 42	 20	 20	 7	 100	 True	 False	 141
568	 49.5994260615241	 6.107598892530841	 1	 15	 26	 40	 40	 5	 100	 True	 False	 95
569	 49.62716471052119	 6.134983314974264	 2	 18	 7	 20	 20	 5	 100	 True	 False	 173
570	 49.641785493244676	 6.131600773850399	 1	 9	 30	 40	 40	 2	 100	 True	 True	 218
571	 49.64865468623248	 6.139253755370048	 1	 12	 24	 40	 40	 5	 100	 True	 False	 233
572	 49.58526884957536	 6.125847336482124	 1	 18	 52	 40	 40	 7	 100	 True	 False	 52
573	 49.636680135586545	 6.0774470884926854	 2	 9	 28	 60	 60	 8	 100	 True	 True	 196
574	 49.61493377726363	 6.109454746217725	 2	 9	 20	 30	 30	 6	 100	 True	 True	 140
575	 49.589904761001094	 6.110367482183452	 2	 15	 14	 70	 70	 4	 100	 True	 False	 65
576	 49.586330860323834	 6.114480096236307	 2	 12	 52	 20	 20	 1	 100	 True	 False	 51
577	 49.627356186390394	 6.101231797511156	 2	 18	 7	 50	 50	 8	 100	 True	 False	 169
578	 49.61774670287963	 6.134428574935593	 1	 9	 1	 30	 30	 9	 100	 True	 True	 143
579	 49.606472940396365	 6.1259025991778095	 2	 9	 27	 20	 20	 3	 100	 True	 True	 112
580	 49.60321241526978	 6.114324862736399	 1	 9	 7	 60	 60	 4	 100	 True	 True	 111
581	 49.60630982079831	 6.135619591212854	 2	 15	 39	 50	 50	 7	 100	 True	 False	 113
582	 49.639978997563205	 6.08405599278476	 1	 12	 46	 50	 50	 6	 100	 True	 False	 197
583	 49.61241222317661	 6.1479913056194695	 2	 14	 50	 50	 50	 1	 100	 True	 False	 129
584	 49.60207807372109	 6.149747395903401	 2	 9	 23	 60	 60	 8	 100	 True	 True	 100
585	 49.599410952267924	 6.149268187086304	 2	 9	 53	 40	 40	 5	 100	 True	 True	 99
586	 49.61931541555004	 6.140252175329821	 2	 15	 7	 30	 30	 9	 100	 True	 False	 143
587	 49.63358330001299	 6.164790297468159	 2	 13	 33	 50	 50	 6	 100	 True	 False	 191
588	 49.638371945839836	 6.085894578501889	 1	 15	 18	 20	 20	 7	 100	 True	 False	 197
589	 49.63935383792495	 6.098237668534611	 1	 18	 56	 60	 60	 8	 100	 True	 False	 199
590	 49.63326212372625	 6.099844591653017	 1	 9	 29	 60	 60	 8	 100	 True	 True	 184
591	 49.598190188917194	 6.1261039933790515	 2	 14	 8	 50	 50	 4	 100	 True	 False	 97
592	 49.61797151763546	 6.125252403028776	 2	 18	 18	 70	 70	 3	 100	 True	 False	 142
593	 49.64219186522846	 6.118505293395879	 1	 14	 6	 20	 20	 4	 100	 True	 False	 216
594	 49.61122420350043	 6.148143843821369	 1	 9	 51	 60	 60	 6	 100	 True	 True	 129
595	 49.606321131037	 6.168607209798049	 2	 9	 9	 50	 50	 4	 100	 True	 True	 117
596	 49.64766173742967	 6.124390518318719	 2	 9	 17	 40	 40	 1	 100	 True	 True	 232
597	 49.629128336644555	 6.120548522415556	 2	 9	 19	 40	 40	 1	 100	 True	 True	 171
598	 49.630612548466914	 6.179046315956978	 2	 9	 28	 60	 60	 4	 100	 True	 True	 193
599	 49.57853573787696	 6.116173925904508	 2	 9	 28	 70	 70	 2	 100	 True	 True	 36
600	 49.622206546130464	 6.172739478989471	 1	 13	 5	 40	 40	 2	 100	 True	 False	 162
601	 49.59979468927658	 6.109797427355083	 1	 13	 45	 50	 50	 7	 100	 True	 False	 95
602	 49.62490851251331	 6.14864691015544	 2	 13	 5	 70	 70	 3	 100	 True	 False	 174
603	 49.56841920333868	 6.110895400306463	 1	 18	 47	 50	 50	 5	 100	 True	 False	 5
604	 49.64901080849039	 6.150836550449833	 2	 18	 58	 20	 20	 3	 100	 True	 False	 235
605	 49.62504869692732	 6.10858832176197	 2	 9	 56	 40	 40	 3	 100	 True	 True	 170
606	 49.60767439308157	 6.153155691051182	 1	 18	 57	 20	 20	 2	 100	 True	 False	 115
607	 49.63904723788646	 6.096319030023957	 1	 15	 15	 70	 70	 6	 100	 True	 False	 199
608	 49.617608187020885	 6.1556189968265596	 2	 14	 28	 20	 20	 9	 100	 True	 False	 145
609	 49.60339865643826	 6.136687159402185	 2	 9	 22	 50	 50	 1	 100	 True	 True	 113
610	 49.642858078641616	 6.123005830360882	 2	 9	 38	 50	 50	 5	 100	 True	 True	 217
611	 49.64244277621477	 6.136854340423999	 1	 18	 44	 50	 50	 7	 100	 True	 False	 218
612	 49.63669372187704	 6.100196658973048	 2	 9	 37	 20	 20	 8	 100	 True	 True	 199
613	 49.627816332198215	 6.136069138006406	 2	 18	 31	 20	 20	 9	 100	 True	 False	 173
614	 49.61470481097505	 6.1128031935697225	 2	 9	 25	 20	 20	 4	 100	 True	 True	 140
615	 49.60896615980011	 6.140881413613791	 1	 15	 16	 70	 70	 5	 100	 True	 False	 129
616	 49.60580990885661	 6.15934821267624	 2	 9	 7	 60	 60	 3	 100	 True	 True	 116
617	 49.60698693038902	 6.1491161513379	 1	 13	 29	 50	 50	 7	 100	 True	 False	 114
618	 49.644009407826346	 6.128405738452154	 1	 9	 47	 60	 60	 5	 100	 True	 True	 217
619	 49.633897526297304	 6.161535514018352	 2	 18	 15	 30	 30	 6	 100	 True	 False	 191
620	 49.589811172764335	 6.122037766694997	 1	 12	 45	 50	 50	 3	 100	 True	 False	 66
621	 49.636949791484625	 6.174599675537287	 2	 14	 29	 20	 20	 2	 100	 True	 False	 207
622	 49.627354003345594	 6.160343447727725	 1	 18	 47	 40	 40	 9	 100	 True	 False	 176
623	 49.626154056512476	 6.1388246154808	 1	 18	 45	 20	 20	 5	 100	 True	 False	 173
624	 49.60722862793111	 6.11942085039596	 2	 9	 0	 70	 70	 1	 100	 True	 True	 111
625	 49.616473766641576	 6.125960864166414	 2	 14	 24	 20	 20	 8	 100	 True	 False	 142
626	 49.589985258583404	 6.101748753547585	 1	 9	 43	 70	 70	 3	 100	 True	 True	 64
627	 49.602126030969664	 6.12403329870207	 1	 12	 17	 40	 40	 9	 100	 True	 False	 97
628	 49.64290744387711	 6.083862113546695	 1	 9	 32	 70	 70	 3	 100	 True	 True	 212
629	 49.62160746288493	 6.1290580778130455	 1	 13	 49	 30	 30	 2	 100	 True	 False	 157
630	 49.63446372382914	 6.177455088731301	 1	 9	 35	 30	 30	 3	 100	 True	 True	 193
631	 49.62999312617882	 6.084196729600814	 1	 18	 18	 70	 70	 2	 100	 True	 False	 167
632	 49.631191291865996	 6.176021963135939	 2	 14	 50	 40	 40	 3	 100	 True	 False	 193
633	 49.620261343846146	 6.122513687603028	 1	 12	 47	 50	 50	 2	 100	 True	 False	 156
634	 49.60303349307993	 6.136366796994929	 1	 9	 54	 20	 20	 1	 100	 True	 True	 113
635	 49.631933387360306	 6.0735924949486675	 1	 9	 9	 40	 40	 6	 100	 True	 True	 181
636	 49.60239746463394	 6.155358655978333	 2	 14	 47	 70	 70	 9	 100	 True	 False	 100
637	 49.58564066959218	 6.080264448331136	 2	 14	 12	 50	 50	 3	 100	 True	 False	 47
638	 49.612045945500896	 6.141641570281942	 2	 12	 42	 20	 20	 2	 100	 True	 False	 129
639	 49.62863275512853	 6.162719325655291	 2	 9	 20	 20	 20	 9	 100	 True	 True	 176
640	 49.620246757816716	 6.109638811574187	 2	 18	 47	 60	 60	 9	 100	 True	 False	 155
641	 49.616351642807935	 6.139210285906936	 2	 15	 42	 60	 60	 8	 100	 True	 False	 143
642	 49.609821447622586	 6.139846305981847	 2	 14	 25	 30	 30	 2	 100	 True	 False	 128
643	 49.59044368535364	 6.124222071735902	 1	 9	 54	 30	 30	 5	 100	 True	 True	 67
644	 49.60776548214189	 6.127835499921848	 1	 9	 2	 20	 20	 9	 100	 True	 True	 112
645	 49.619057150314404	 6.1736328694245515	 2	 18	 0	 40	 40	 9	 100	 True	 False	 147
646	 49.57577275132128	 6.117119692604875	 2	 15	 28	 60	 60	 8	 100	 True	 False	 36
647	 49.62241123537197	 6.109066463750274	 1	 9	 16	 20	 20	 5	 100	 True	 True	 155
648	 49.60351742468012	 6.155139342345916	 1	 15	 32	 30	 30	 7	 100	 True	 False	 115
649	 49.64025695609659	 6.077309828969246	 1	 12	 11	 40	 40	 1	 100	 True	 False	 196
650	 49.61811916204438	 6.111929107847787	 2	 9	 42	 30	 30	 9	 100	 True	 True	 140
651	 49.57335445500911	 6.112842224730884	 2	 9	 32	 50	 50	 3	 100	 True	 True	 20
652	 49.59967890367976	 6.086646329392282	 2	 12	 35	 30	 30	 5	 100	 True	 False	 92
653	 49.605920417827356	 6.1455385578922685	 1	 9	 43	 40	 40	 8	 100	 True	 True	 114
654	 49.62136642762753	 6.1307773130790135	 1	 18	 36	 30	 30	 7	 100	 True	 False	 157
655	 49.612191135695554	 6.1824557556464566	 2	 9	 18	 30	 30	 5	 100	 True	 True	 133
656	 49.576347336680115	 6.113450553127568	 1	 18	 48	 60	 60	 4	 100	 True	 False	 35
657	 49.63373548117531	 6.084439297778523	 1	 13	 42	 60	 60	 2	 100	 True	 False	 182
658	 49.63607751720523	 6.095409779826243	 2	 9	 29	 70	 70	 2	 100	 True	 True	 198
659	 49.62227989278758	 6.174279476198281	 2	 9	 37	 30	 30	 6	 100	 True	 True	 162
660	 49.63333455474611	 6.1362939933822505	 1	 12	 4	 40	 40	 6	 100	 True	 False	 188
661	 49.63269282792647	 6.0715098460778565	 2	 15	 51	 70	 70	 8	 100	 True	 False	 181
662	 49.62098884385957	 6.18310606260111	 2	 9	 38	 50	 50	 8	 100	 True	 True	 163
663	 49.59304473176245	 6.106844511838425	 1	 12	 31	 50	 50	 4	 100	 True	 False	 80
664	 49.62771725925293	 6.123890648213828	 2	 9	 22	 50	 50	 1	 100	 True	 True	 172
665	 49.605972591831176	 6.092230152263713	 2	 15	 10	 60	 60	 8	 100	 True	 False	 108
666	 49.615119790201774	 6.145246887428248	 2	 9	 7	 40	 40	 6	 100	 True	 True	 144
667	 49.60944362113545	 6.1230980905607995	 1	 9	 50	 40	 40	 6	 100	 True	 True	 127
668	 49.64420320678241	 6.105831948492753	 1	 9	 23	 30	 30	 1	 100	 True	 True	 215
669	 49.64217000818482	 6.149802810166294	 1	 18	 44	 60	 60	 6	 100	 True	 False	 220
670	 49.614181800678644	 6.198329108650608	 2	 9	 31	 70	 70	 9	 100	 True	 True	 150
671	 49.628285752654854	 6.108045744253001	 2	 18	 57	 70	 70	 2	 100	 True	 False	 170
672	 49.62791473201886	 6.105433857198817	 2	 12	 22	 30	 30	 2	 100	 True	 False	 170
673	 49.58399233514685	 6.129967010241651	 1	 9	 44	 20	 20	 1	 100	 True	 True	 52
674	 49.62638275484366	 6.100643685697102	 1	 18	 49	 70	 70	 2	 100	 True	 False	 169
675	 49.648096360192596	 6.127928699950429	 2	 9	 10	 50	 50	 4	 100	 True	 True	 232
676	 49.61031286916314	 6.174946165316839	 1	 9	 37	 70	 70	 1	 100	 True	 True	 132
677	 49.61436891846957	 6.132307931375079	 2	 9	 58	 50	 50	 4	 100	 True	 True	 143
678	 49.6148098477207	 6.1328653545218605	 2	 12	 17	 40	 40	 8	 100	 True	 False	 143
679	 49.607481520630735	 6.102299853327593	 1	 18	 17	 60	 60	 2	 100	 True	 False	 109
680	 49.64140202458481	 6.080223499717669	 2	 15	 39	 60	 60	 1	 100	 True	 False	 212
681	 49.63817717056084	 6.141460926304822	 1	 12	 17	 60	 60	 6	 100	 True	 False	 204
682	 49.60149607001986	 6.138503730089934	 1	 9	 12	 60	 60	 2	 100	 True	 True	 98
683	 49.63150535941438	 6.145448788789944	 1	 9	 18	 50	 50	 7	 100	 True	 True	 189
684	 49.582662120424416	 6.106813101851355	 2	 9	 19	 20	 20	 3	 100	 True	 True	 50
685	 49.62421074572505	 6.162932439587664	 2	 12	 10	 20	 20	 9	 100	 True	 False	 161
686	 49.63665257193476	 6.175412852391649	 2	 9	 36	 40	 40	 3	 100	 True	 True	 207
687	 49.61641756519526	 6.154469302229351	 2	 18	 17	 60	 60	 4	 100	 True	 False	 145
688	 49.57216496926652	 6.108671595261302	 2	 9	 15	 70	 70	 8	 100	 True	 True	 20
689	 49.61865608203334	 6.132980965563159	 2	 13	 54	 60	 60	 1	 100	 True	 False	 143
690	 49.649620111608336	 6.147436380894524	 1	 12	 0	 40	 40	 3	 100	 True	 False	 234
691	 49.5983340538711	 6.1361972972744026	 2	 9	 34	 50	 50	 5	 100	 True	 True	 98
692	 49.60124769740475	 6.09626694873456	 2	 9	 5	 60	 60	 8	 100	 True	 True	 94
693	 49.61083826251848	 6.141369375374641	 2	 9	 15	 40	 40	 3	 100	 True	 True	 129
694	 49.61735507972229	 6.101038792177022	 1	 13	 38	 50	 50	 6	 100	 True	 False	 139
695	 49.57301114107082	 6.111008677698773	 1	 12	 12	 60	 60	 2	 100	 True	 False	 20
696	 49.625022732941886	 6.188849385343015	 2	 9	 10	 40	 40	 7	 100	 True	 True	 179
697	 49.59525234495777	 6.152151958383321	 2	 9	 39	 60	 60	 3	 100	 True	 True	 85
698	 49.62412223485516	 6.162117370706552	 2	 13	 38	 50	 50	 1	 100	 True	 False	 161
699	 49.64385129949062	 6.125903743938258	 2	 18	 6	 60	 60	 7	 100	 True	 False	 217
700	 49.6441086424077	 6.136849893574488	 2	 9	 29	 60	 60	 7	 100	 True	 True	 218
701	 49.628030271227615	 6.127996479468604	 2	 9	 21	 50	 50	 5	 100	 True	 True	 172
702	 49.59713941272663	 6.118948950842316	 2	 15	 0	 40	 40	 5	 100	 True	 False	 81
703	 49.630151072229346	 6.174180269209107	 1	 9	 9	 20	 20	 6	 100	 True	 True	 177
704	 49.59968516303262	 6.099539507971675	 1	 12	 24	 50	 50	 2	 100	 True	 False	 94
705	 49.63639377960172	 6.177645841887562	 1	 9	 19	 60	 60	 2	 100	 True	 True	 208
706	 49.606950250973064	 6.129979239029557	 1	 13	 21	 50	 50	 2	 100	 True	 False	 112
707	 49.60345438090987	 6.084893075549697	 1	 14	 34	 50	 50	 4	 100	 True	 False	 107
708	 49.61544686886196	 6.134529233741744	 2	 18	 35	 60	 60	 4	 100	 True	 False	 143
709	 49.58256442195908	 6.118287617070393	 1	 18	 27	 20	 20	 5	 100	 True	 False	 51
710	 49.63636397046563	 6.1325575631187546	 1	 12	 45	 60	 60	 2	 100	 True	 False	 203
711	 49.606461000867256	 6.150501089477238	 1	 9	 56	 20	 20	 4	 100	 True	 True	 115
712	 49.60216944360782	 6.150044829240392	 1	 9	 16	 20	 20	 2	 100	 True	 True	 100
713	 49.60154105123805	 6.097140346988829	 1	 15	 7	 40	 40	 3	 100	 True	 False	 94
714	 49.58187183100055	 6.1216535894039446	 2	 13	 18	 30	 30	 9	 100	 True	 False	 51
715	 49.6298674591548	 6.074408574063066	 1	 9	 18	 40	 40	 6	 100	 True	 True	 166
716	 49.59739915861525	 6.116936094987757	 2	 13	 42	 60	 60	 1	 100	 True	 False	 81
717	 49.61842636374141	 6.159823432661429	 1	 9	 4	 70	 70	 4	 100	 True	 True	 146
718	 49.60383219311274	 6.105196413284336	 2	 9	 19	 20	 20	 7	 100	 True	 True	 110
719	 49.58156068423747	 6.125040750779597	 1	 18	 28	 20	 20	 4	 100	 True	 False	 52
720	 49.602247523851524	 6.097577548300252	 2	 9	 41	 30	 30	 6	 100	 True	 True	 94
721	 49.620765146348035	 6.123506308561337	 1	 13	 35	 40	 40	 3	 100	 True	 False	 157
722	 49.60533366689474	 6.08699353636857	 2	 9	 18	 30	 30	 1	 100	 True	 True	 107
723	 49.60919536087005	 6.147711576940372	 2	 15	 20	 70	 70	 5	 100	 True	 False	 129
724	 49.612572624500395	 6.111536555305586	 1	 9	 36	 20	 20	 9	 100	 True	 True	 125
725	 49.607297275223075	 6.129737978158101	 1	 18	 33	 50	 50	 8	 100	 True	 False	 112
726	 49.62188733687226	 6.134727022020582	 2	 15	 6	 50	 50	 9	 100	 True	 False	 158
727	 49.64309344615065	 6.126191188213664	 2	 12	 39	 20	 20	 7	 100	 True	 False	 217
728	 49.6229675583822	 6.147187319114502	 2	 18	 40	 20	 20	 8	 100	 True	 False	 159
729	 49.6207788957416	 6.128759487935293	 1	 9	 55	 70	 70	 7	 100	 True	 True	 157
730	 49.589181009848076	 6.113956471048537	 2	 9	 38	 70	 70	 4	 100	 True	 True	 66
731	 49.58383341723379	 6.112028730591532	 2	 18	 32	 40	 40	 2	 100	 True	 False	 50
732	 49.61624521345849	 6.167520884857054	 1	 18	 43	 50	 50	 5	 100	 True	 False	 147
733	 49.62632932992181	 6.1159589349302035	 1	 9	 42	 40	 40	 4	 100	 True	 True	 171
734	 49.63737807554552	 6.074823850058494	 1	 13	 11	 60	 60	 7	 100	 True	 False	 196
735	 49.60382445013325	 6.098161071124085	 1	 18	 22	 60	 60	 1	 100	 True	 False	 109
736	 49.60243253100696	 6.148379114786368	 2	 14	 20	 30	 30	 9	 100	 True	 False	 99
737	 49.63449628614609	 6.141268229398521	 2	 9	 0	 30	 30	 9	 100	 True	 True	 189
738	 49.62491519245378	 6.1505256464824045	 1	 18	 13	 70	 70	 7	 100	 True	 False	 175
739	 49.63055721104871	 6.175473451491092	 1	 9	 1	 70	 70	 1	 100	 True	 True	 192
740	 49.63595642830831	 6.101767168845284	 2	 14	 19	 20	 20	 9	 100	 True	 False	 199
741	 49.61654486673161	 6.124696233934766	 2	 9	 36	 70	 70	 8	 100	 True	 True	 142
742	 49.59393048751617	 6.092665001160662	 2	 9	 57	 70	 70	 8	 100	 True	 True	 78
743	 49.647924162762855	 6.134963801867791	 1	 14	 6	 30	 30	 9	 100	 True	 False	 233
744	 49.61274489494586	 6.132136417342737	 2	 18	 22	 70	 70	 4	 100	 True	 False	 128
745	 49.60345070927799	 6.097466797224209	 1	 12	 28	 30	 30	 9	 100	 True	 False	 109
746	 49.5928123528842	 6.139449269778873	 2	 18	 25	 60	 60	 2	 100	 True	 False	 83
747	 49.62472930449611	 6.175862393834351	 2	 15	 8	 40	 40	 6	 100	 True	 False	 162
748	 49.57678938254291	 6.108194645929901	 1	 13	 50	 70	 70	 3	 100	 True	 False	 35
749	 49.587901112011295	 6.115962473029616	 1	 12	 4	 70	 70	 9	 100	 True	 False	 66
750	 49.58084967169207	 6.111068582021219	 1	 18	 19	 50	 50	 6	 100	 True	 False	 35
751	 49.62420499321395	 6.095419541591421	 1	 14	 14	 70	 70	 2	 100	 True	 False	 153
752	 49.60564982936224	 6.113348786685698	 1	 9	 31	 60	 60	 2	 100	 True	 True	 110
753	 49.634826949408755	 6.175035228992478	 1	 18	 18	 40	 40	 9	 100	 True	 False	 192
754	 49.609502378649665	 6.095190864904755	 1	 9	 24	 20	 20	 8	 100	 True	 True	 123
755	 49.63325792190928	 6.173379537367927	 1	 9	 21	 60	 60	 2	 100	 True	 True	 192
756	 49.6314183471176	 6.179094423667752	 1	 14	 49	 70	 70	 9	 100	 True	 False	 193
757	 49.61581082324357	 6.159454364018375	 1	 18	 31	 70	 70	 4	 100	 True	 False	 146
758	 49.62467745912536	 6.142225934919627	 1	 14	 5	 70	 70	 7	 100	 True	 False	 159
759	 49.644978780572345	 6.137080941514694	 2	 9	 41	 40	 40	 1	 100	 True	 True	 218
760	 49.63086149134921	 6.103840383331014	 1	 18	 56	 30	 30	 6	 100	 True	 False	 184
761	 49.60927174300406	 6.100303380099871	 2	 9	 12	 40	 40	 5	 100	 True	 True	 124
762	 49.597860033000615	 6.143254992615728	 1	 18	 8	 60	 60	 2	 100	 True	 False	 99
763	 49.6037868187609	 6.145089274282401	 2	 18	 24	 20	 20	 3	 100	 True	 False	 114
764	 49.6452875300515	 6.118178620473796	 1	 9	 55	 70	 70	 5	 100	 True	 True	 216
765	 49.63583866104461	 6.167280273378519	 2	 9	 50	 70	 70	 3	 100	 True	 True	 207
766	 49.61731756561383	 6.140258224517699	 2	 9	 24	 20	 20	 8	 100	 True	 True	 143
767	 49.63055501850404	 6.136883425632792	 2	 18	 27	 20	 20	 1	 100	 True	 False	 188
768	 49.58486846217731	 6.123422631206951	 2	 15	 52	 30	 30	 4	 100	 True	 False	 52
769	 49.64767601115151	 6.134149020877398	 2	 9	 42	 20	 20	 1	 100	 True	 True	 233
770	 49.627678501952424	 6.180886202066507	 1	 13	 41	 40	 40	 5	 100	 True	 False	 178
771	 49.59799233830361	 6.139233349556172	 2	 15	 18	 20	 20	 3	 100	 True	 False	 98
772	 49.64569228349609	 6.149857710387159	 1	 9	 36	 30	 30	 8	 100	 True	 True	 220
773	 49.6058273562013	 6.141505942014773	 1	 13	 7	 20	 20	 7	 100	 True	 False	 114
774	 49.60295891971995	 6.101458152344669	 2	 9	 30	 40	 40	 3	 100	 True	 True	 109
775	 49.63936482488779	 6.120699285046592	 2	 9	 54	 40	 40	 3	 100	 True	 True	 201
776	 49.58960190795836	 6.12965954916611	 2	 13	 24	 60	 60	 6	 100	 True	 False	 67
777	 49.63580582500346	 6.088420190171838	 2	 18	 15	 50	 50	 2	 100	 True	 False	 198
778	 49.58681313415515	 6.118791763284546	 1	 15	 28	 50	 50	 5	 100	 True	 False	 66
779	 49.618243655994284	 6.1450580438212885	 2	 14	 10	 50	 50	 1	 100	 True	 False	 144
780	 49.60826520357909	 6.134646186170324	 2	 18	 53	 20	 20	 5	 100	 True	 False	 113
781	 49.59362660698276	 6.128838593655752	 2	 9	 9	 60	 60	 3	 100	 True	 True	 82
782	 49.602632644980204	 6.0959814307536515	 1	 14	 49	 20	 20	 4	 100	 True	 False	 94
783	 49.63616184979747	 6.167204243321448	 1	 12	 50	 30	 30	 1	 100	 True	 False	 207
784	 49.64716259258897	 6.1183633541813425	 1	 18	 10	 40	 40	 6	 100	 True	 False	 231
785	 49.625452810702896	 6.117645510664744	 1	 18	 58	 20	 20	 9	 100	 True	 False	 171
786	 49.612771662657345	 6.1405374316372505	 2	 9	 8	 50	 50	 2	 100	 True	 True	 129
787	 49.608041293943685	 6.100700420717634	 2	 18	 8	 40	 40	 5	 100	 True	 False	 109
788	 49.6311341408897	 6.164560739154828	 1	 12	 55	 20	 20	 4	 100	 True	 False	 191
789	 49.610112666776544	 6.131036302234512	 2	 18	 37	 70	 70	 2	 100	 True	 False	 127
790	 49.59015407299692	 6.1049911120341545	 2	 12	 5	 50	 50	 3	 100	 True	 False	 65
791	 49.62257879877122	 6.166097769810677	 1	 12	 51	 40	 40	 5	 100	 True	 False	 161
792	 49.619396920726636	 6.1301447677850645	 1	 9	 37	 20	 20	 1	 100	 True	 True	 157
793	 49.60318847900455	 6.094146355080098	 1	 14	 18	 30	 30	 3	 100	 True	 False	 108
794	 49.591579926063815	 6.129489150902207	 2	 18	 56	 70	 70	 6	 100	 True	 False	 67
795	 49.619771776488044	 6.099505913725755	 2	 18	 24	 60	 60	 6	 100	 True	 False	 154
796	 49.60172089028052	 6.088166010505662	 1	 9	 55	 50	 50	 5	 100	 True	 True	 93
797	 49.629849293871054	 6.156333370673718	 1	 13	 42	 70	 70	 7	 100	 True	 False	 175
798	 49.61092250746089	 6.130995384847599	 1	 9	 8	 70	 70	 9	 100	 True	 True	 127
799	 49.624099818748235	 6.118810491634336	 2	 14	 18	 20	 20	 6	 100	 True	 False	 156
800	 49.59737998137952	 6.140091204045221	 2	 18	 46	 40	 40	 1	 100	 True	 False	 83
