/ID-Antenna/-/Lat/-/Long/
1 49.569258316841676 6.104047035790977
2 49.568352372514994 6.106960479461373
3 49.56910435036246 6.111466661042136
4 49.572735006807456 6.097262646729827
5 49.573195330628714 6.098020394606935
6 49.571657106415515 6.107151157966167
7 49.573328662798296 6.115053305122755
8 49.57793550482468 6.082098898351433
9 49.576554750942634 6.08499201780609
10 49.57687639932799 6.096171576837339
11 49.57454090428493 6.098842999957869
12 49.577641952121475 6.108313472330649
13 49.5757906462058 6.116609729663529
14 49.575581169369606 6.120628161471348
15 49.581042928011726 6.082481620987191
16 49.58280368789272 6.08357502534908
17 49.57907349104474 6.097218882025077
18 49.582376098711315 6.102569023034258
19 49.58123265908321 6.111369985936819
20 49.58237308599664 6.112430193159342
21 49.57927602027204 6.118699985112982
22 49.58309788182475 6.1269633516686435
23 49.58606209230532 6.081548892657304
24 49.58496439995871 6.08979295882125
25 49.587477961353805 6.093690172230735
26 49.58596274043132 6.099257814066784
27 49.587505615895736 6.110031732948077
28 49.587183810646664 6.1167103666652
29 49.58482515309928 6.125211572107335
30 49.58674794189477 6.12985340498744
31 49.5857285821252 6.132836087261722
32 49.59205569759197 6.0749289594802915
33 49.588159643086264 6.081004031444468
34 49.59204449632153 6.084958718855486
35 49.589393923336004 6.093556780192811
36 49.58958604942545 6.101965389644682
37 49.59007779056611 6.106340532126874
38 49.58776551989901 6.116240827553547
39 49.591315785163815 6.124549454652251
40 49.58898590574546 6.126396989947694
41 49.58828702761798 6.138469855137769
42 49.5911596090441 6.141121912130999
43 49.59143546465689 6.14928046066702
44 49.59261946000368 6.075638195039755
45 49.595275723033616 6.0806967645672305
46 49.593735751711726 6.084987279201738
47 49.592987472945545 6.093600474143697
48 49.59332413942733 6.110704579379202
49 49.592824663953856 6.117548998693707
50 49.596405754608924 6.119905872986063
51 49.594652047131994 6.125913160473483
52 49.59403384279563 6.1381516761700405
53 49.59610219269484 6.144841570282654
54 49.59322168706814 6.147525702315254
55 49.59673633598213 6.153607272371406
56 49.59927246171649 6.0809177144235615
57 49.59823596612747 6.085691624843068
58 49.598178388957216 6.097348438170535
59 49.5992054079055 6.103720348171876
60 49.59917484266061 6.108172976197476
61 49.60016762383006 6.11366139698665
62 49.59864643179335 6.122297030100714
63 49.60031197627756 6.128056273518106
64 49.600534302471885 6.134551354288146
65 49.60008486401477 6.143618404894588
66 49.59925430625384 6.152383457076
67 49.599817456999176 6.153747684116611
68 49.60342604225103 6.083289945574222
69 49.60355009193139 6.083365049660436
70 49.60283751962415 6.092252546091639
71 49.603819346538145 6.098935363878199
72 49.60585699454407 6.109178661702445
73 49.60581487019714 6.114352243480176
74 49.6038645680211 6.123885911205368
75 49.60284592620887 6.1315217448184525
76 49.60465243180769 6.138091321179529
77 49.605300250615144 6.141616698126932
78 49.60280555416058 6.147993635951022
79 49.603310516393556 6.159467286475938
80 49.60571727721628 6.165389664619861
81 49.606094787691354 6.169339764110921
82 49.60602203635168 6.188478475618026
83 49.605093819599574 6.19130990328953
84 49.60813227310953 6.089174665480149
85 49.60813184547242 6.0943496109685125
86 49.60965194675258 6.097441840096723
87 49.606161471177124 6.10898120182817
88 49.60832874529986 6.113643408787623
89 49.60866202813863 6.121639321932004
90 49.606419888628146 6.127128720810134
91 49.607273607190386 6.138097815447898
92 49.60829178999998 6.140934786607125
93 49.606880546592706 6.150514223153628
94 49.606972421111124 6.157501913387666
95 49.61035076969303 6.165005341222735
96 49.60729508856707 6.173905605595331
97 49.60823996276408 6.179840653676486
98 49.609537634799736 6.183289907701837
99 49.60691942016672 6.189496913572124
100 49.61012442753429 6.198599446480829
101 49.61275475963424 6.0938278091915485
102 49.61156277917142 6.100409545711668
103 49.612091107913855 6.106398725841304
104 49.61163244320649 6.112117314540318
105 49.61522121963559 6.121658323586069
106 49.61309012612798 6.131507688266156
107 49.61455159188104 6.138269555370324
108 49.6107526269193 6.140451960415647
109 49.611379713223556 6.148708897798018
110 49.61160807655218 6.158350793909152
111 49.61258139846758 6.164751798877546
112 49.611419253055466 6.170733531065264
113 49.61404864520602 6.175619401139408
114 49.61157159885115 6.186957083076023
115 49.614372702498024 6.1941693295274565
116 49.61296427334282 6.199788591630481
117 49.61550318028584 6.096387280994893
118 49.61725730267791 6.097949454231396
119 49.61907076877296 6.107523701541153
120 49.6174205081259 6.115541650986873
121 49.61653594834479 6.123821027773745
122 49.61769018023117 6.1255143014142766
123 49.61568983326902 6.138242122406346
124 49.61543295791962 6.142063151305679
125 49.616658734244396 6.149862318084044
126 49.61804571526091 6.159801834514468
127 49.618261967249396 6.163532660757043
128 49.617099938707874 6.169744506845212
129 49.619536920634026 6.174712635667649
130 49.619869599649014 6.18389507816621
131 49.615321619052764 6.19065500363949
132 49.615436346678 6.195923135409772
133 49.62417982941302 6.09566221169483
134 49.62021894793753 6.098544226835149
135 49.621156284629926 6.109523050370321
136 49.62200359647033 6.1121199659223
137 49.622447939378425 6.122929344759597
138 49.62176228922209 6.129524019507317
139 49.62120788264808 6.132741096685429
140 49.620790338796446 6.1446780762172954
141 49.62117133122729 6.146998933540872
142 49.623669516896534 6.15607835003854
143 49.62265511399332 6.165349904666518
144 49.62147398455638 6.1683881079645655
145 49.62358535769467 6.175741958416933
146 49.62378263349514 6.188475001431777
147 49.62070136234857 6.189334990821874
148 49.62862408377021 6.075444249016406
149 49.628916922357384 6.082060997705906
150 49.62853594147545 6.08644806414457
151 49.62844478983574 6.096765145188792
152 49.62570841126029 6.099716486467616
153 49.625519148620114 6.108510897714442
154 49.624898513704856 6.115579467087087
155 49.625316329658105 6.119517053200488
156 49.62648343541499 6.128842227876231
157 49.62535233552792 6.136874387193052
158 49.624944422071955 6.144219488627745
159 49.62617186562621 6.152086355438952
160 49.62861165919472 6.1534909226801195
161 49.6283424171127 6.1644400025528405
162 49.627512980745834 6.169278749210563
163 49.62748654815262 6.176504479891511
164 49.624811682298635 6.188107775899403
165 49.625302765867865 6.188572980231886
166 49.631253120303946 6.072430423406857
167 49.6301611133516 6.07998435765847
168 49.62953146336122 6.088950910690086
169 49.630127727059445 6.0938322671391285
170 49.63163428817925 6.102899410650788
171 49.63283209953273 6.1072154125478635
172 49.631078901759395 6.117675026177504
173 49.630244024892264 6.1195891155790365
174 49.63334127668022 6.132191280144742
175 49.631640757721385 6.134360539060356
176 49.629416138436284 6.144069629702231
177 49.63179936580601 6.151302352380988
178 49.63026505185801 6.156687491888568
179 49.63210428873265 6.160951978177017
180 49.632626598343364 6.167767887545145
181 49.63248696956932 6.174998908813298
182 49.631363929419656 6.183393783061826
183 49.63445747087816 6.071607055340364
184 49.63407599049294 6.08193076162044
185 49.63600350201905 6.084462553888811
186 49.63706248457479 6.095334371919075
187 49.63670937720196 6.100278400111555
188 49.636264856999034 6.10788026705153
189 49.63403896661439 6.114506725328115
190 49.637493624779836 6.122168136235302
191 49.634238669442716 6.1317734353075855
192 49.63557899982576 6.1339997633955985
193 49.63501967436828 6.143165261615479
194 49.63642267584188 6.150216500971348
195 49.63545916799454 6.157269322830407
196 49.6351973294366 6.163012600281633
197 49.63581824010446 6.174472820046741
198 49.63516392754356 6.1770454291706525
199 49.638579681075576 6.076001609763143
200 49.64041114809617 6.078387688245111
201 49.64122675143622 6.085054737470874
202 49.64043867448878 6.095456648815218
203 49.64140815468973 6.100546228470214
204 49.639975568976546 6.110255815813617
205 49.639127507477966 6.115400976344317
206 49.641533941416824 6.123020341427493
207 49.641751998843546 6.1285990622616975
208 49.64097907563985 6.132753167408027
209 49.640988582163516 6.139999900124439
210 49.64236133844206 6.149074711612202
211 49.640816788939404 6.153822901422578
212 49.63838940700966 6.165211908060817
213 49.64381779505913 6.077579224210117
214 49.6442419317814 6.0837363354371465
215 49.64422868676672 6.09384849552243
216 49.644983279138415 6.102220722826295
217 49.64700315082326 6.10799009096301
218 49.645678812116806 6.111948483761614
219 49.64328924708423 6.12243332063389
220 49.64580221330308 6.1278960528943065
221 49.644723713780074 6.134511974226107
222 49.64314983788154 6.141076739318575
223 49.64727847812595 6.1512650037514645
224 49.64611272662514 6.153932636827243
225 49.647781321611745 6.108729509887911
226 49.650280899201306 6.113291521809731
227 49.64768311295809 6.124553387394404
228 49.648968895672255 6.1276756306650295
229 49.64802754237077 6.135353392031517
230 49.64900452846446 6.146410588149663
231 49.64922623378518 6.150664200785209
232 49.64999353841766 6.156551458258013
233 49.65103778511374 6.160638668250475
