/ID-Antenna/-/Lat/-/Long/
1 49.580564 6.111394
2 49.579786 6.112725
3 49.579944 6.115169
4 49.580668 6.114443
5 49.580414 6.115828
6 49.580422 6.117997
7 49.582010 6.118296
8 49.583168 6.118523
9 49.584366 6.118728
10 49.581828 6.116128
11 49.583242 6.116642
12 49.583559 6.115116
13 49.585000 6.115488
14 49.586493 6.115757
15 49.588043 6.116238
16 49.589665 6.116233
17 49.587430 6.114907
18 49.586339 6.114288
19 49.584724 6.114025
20 49.583691 6.112841
21 49.582123 6.112412
22 49.581880 6.115115
23 49.589279 6.114193
24 49.588938 6.112570
25 49.588285 6.111221
26 49.585841 6.107320
27 49.585529 6.105583
28 49.585299 6.104445
29 49.584966 6.102997
30 49.583871 6.099750
31 49.583093 6.098568
32 49.584442 6.099370
33 49.585834 6.098011
34 49.585591 6.102602
35 49.586161 6.104110
36 49.587651 6.107629
37 49.586675 6.108603
38 49.587564 6.110250
39 49.589328 6.108103
40 49.590242 6.107548
41 49.589539 6.105136
42 49.588992 6.103592
43 49.588703 6.102094
44 49.588849 6.100867
45 49.589086 6.099236
46 49.588143 6.099241
47 49.587264 6.099248
48 49.587361 6.100861
49 49.588028 6.100786
50 49.587902 6.102424
51 49.587069 6.103287
52 49.584355 6.101552
53 49.590621 6.105018
54 49.589862 6.102888
55 49.590009 6.101802 
56 49.590493 6.101039
57 49.590907 6.102987
58 49.591187 6.103872
59 49.633875 6.177572
60 49.633128 6.175944
61 49.632126 6.174709
62 49.631552 6.173722
63 49.630584 6.172174
64 49.630137 6.171366
65 49.629414 6.170381
66 49.629170 6.171277
67 49.629108 6.173397
68 49.628980 6.174786
69 49.629252 6.176178
70 49.630201 6.177533
71 49.631138 6.177727
72 49.631896 6.177538
73 49.632612 6.177830
74 49.631078 6.176219
75 49.630492 6.175240
76 49.629964 6.174349
77 49.630363 6.172837
78 49.631176 6.174191
79 49.628079 6.173214
80 49.634092 6.172822
81 49.635443 6.172862
82 49.635804 6.166590
83 49.626865 6.144225
84 49.620602 6.132659
85 49.628845 6.131264
86 49.634068 6.138091
87 49.637537 6.132273
88 49.639050 6.131405
89 49.640218 6.130860
90 49.641745 6.130135 
91 49.643217 6.129648
92 49.643436 6.129253
93 49.643423 6.127881
94 49.629425 6.118656
95 49.616671 6.071961
96 49.618303 6.072463
97 49.618751 6.072064
98 49.619617 6.071913
99 49.621553 6.063191
100 49.618285 6.157971
101 49.615430 6.160214
102 49.610063 6.167796
103 49.608670 6.150085
104 49.614438 6.143104
105 49.634268 6.216446
106 49.636344 6.216069
107 49.572141 6.108133
108 49.589689 6.118556
109 49.588807 6.120296
110 49.587762 6.121529
111 49.586750 6.122180
112 49.587180 6.120103
113 49.587538 6.123301
114 49.588706 6.122662
115 49.588412 6.124941
116 49.589499 6.124064
117 49.589892 6.123416
118 49.590686 6.122566
119 49.590576 6.121350
120 49.589926 6.121973
121 49.588960 6.126300
122 49.589117 6.125260
123 49.590012 6.125318
124 49.590624 6.124712
125 49.589514 6.129392
126 49.589794 6.127877   
127 49.590528 6.126537
128 49.591262 6.125669
129 49.591308 6.124761
130 49.591683 6.122887
131 49.592138 6.121359
132 49.593092 6.119562
133 49.593820 6.118052
134 49.590846 6.117579
135 49.592087 6.118411
136 49.592649 6.118639
137 49.591715 6.119443
138 49.592217 6.120019
139 49.590626 6.119351
140 49.589716 6.126499
141 49.590467 6.128020
142 49.591559 6.128085
143 49.591607 6.126289
144 49.592723 6.128273
145 49.593553 6.129418
146 49.594351 6.130648
147 49.593636 6.128544
148 49.593941 6.127069
149 49.594191 6.125630
150 49.594733 6.123558
151 49.595183 6.121187
152 49.595414 6.119879
153 49.595760 6.118257
154 49.592590 6.126898
155 49.593488 6.125921
156 49.592490 6.124870
157 49.593011 6.124782
158 49.593713 6.124651
159 49.592382 6.123436
160 49.593419 6.123062
161 49.594100 6.121454
162 49.593246 6.121438
163 49.593981 6.119956
164 49.594392 6.118573
165 49.597439 6.120915
166 49.597637  6.122460
167 49.599056 6.118437
168 49.599963 6.119228
169 49.599771 6.122536
170 49.598917 6.122908
171 49.598860 6.124739
172 49.598516 6.126543
173 49.598325 6.128123
174 49.598065 6.130617
175 49.598592 6.132283
176 49.599458 6.132816
177 49.600674 6.133961
178 49.601236 6.132906
179 49.602558 6.131783
180 49.603380 6.130964
181 49.604400 6.130157
182 49.606088 6.129144
183 49.607131 6.127888
184 49.600282 6.133199
185 49.606061 6.125324
186 49.604790 6.124201
187 49.603124 6.124671
188 49.601633 6.125891
189 49.600183 6.126873
190 49.599581 6.124642
191 49.600553 6.128390
192 49.600896 6.130317
193 49.601454 6.128457
194 49.601862 6.129850
195 49.602053 6.127077
196 49.602349 6.127238
197 49.602893 6.128808
198 49.604078 6.126139
199 49.604561 6.128823
200 49.606202 6.127435
201 49.601669 6.133094
202 49.602981 6.133113
203 49.604722 6.133379
204 49.603956 6.131654
205 49.604999 6.131620
206 49.604737 6.135896
207 49.604202 6.134804
208 49.603229 6.134488
209 49.602741 6.135885
210 49.602907 6.136261
211 49.603397 6.136444
212 49.603684 6.136842
213 49.604602 6.137574
214 49.603696 6.138495
215 49.601956 6.139308
216 49.597964 6.139491
217 49.597299 6.140058
218 49.596876 6.138437
219 49.598021 6.144824
220 49.600835 6.144896
221 49.598562 6.102724
222 49.598072 6.103085
223 49.598933 6.104234
224 49.597831 6.104473
225 49.598300 6.104599
226 49.598265 6.104976
227 49.598247 6.105317
228 49.598443 6.105569
229 49.598726 6.106468
230 49.598849 6.107042
231 49.598791 6.107511
232 49.598641 6.108345
233 49.599988 6.107053
234 49.601274 6.103423
235 49.601629 6.102143
236 49.601905 6.101103
237 49.602094 6.099992
238 49.601219 6.100973
239 49.601865 6.105009
240 49.602302 6.106269
241 49.602419 6.106215
242 49.603274 6.106255
243 49.603862 6.107919
244 49.604416 6.109480
245 49.604969 6.111098
246 49.605559 6.110604
247 49.605459 6.109844
248 49.605049 6.108718
249 49.606405 6.110167
250 49.606155 6.108704
251 49.605943 6.107790
252 49.604741 6.100510
253 49.603755 6.098576
254 49.603815 6.097654
255 49.604002 6.100695
256 49.601745 6.107291
257 49.602130 6.106820
258 49.602417 6.107218
259 49.601132 6.114164
260 49.602158 6.113335
261 49.603140 6.112675
262 49.604045 6.111889
263 49.601946 6.116246
264 49.604712 6.112421
265 49.605054 6.094737
266 49.605124 6.094920
267 49.605099 6.096177
268 49.605478 6.097740
269 49.605567 6.100502
270 49.605918 6.102647
271 49.605912 6.104059
272 49.606406 6.106776
273 49.606781 6.108038
274 49.607106 6.109230
275 49.607374 6.110152
276 49.608022 6.111726
277 49.608307 6.113533
278 49.608676 6.115596
279 49.608955 6.117413
280 49.609293 6.118479
281 49.609552 6.119466
282 49.609895 6.120605
283 49.610049 6.121740
284 49.610201 6.123860
285 49.607774 6.108950
286 49.608533 6.107990
287 49.610463 6.108043
288 49.610505 6.108591
289 49.610604 6.108691
290 49.607016 6.104929
291 49.611015 6.104444
292 49.611656 6.097665
293 49.612428 6.097698
294 49.612361 6.099577
295 49.612188 6.101397
296 49.612401 6.103302
297 49.612393 6.104780
298 49.612641 6.106423
299 49.612613 6.107325
300 49.612890 6.109260
301 49.612934 6.111045
302 49.613162 6.112507
303 49.613251 6.113670
304 49.613267 6.115272
305 49.613186 6.116902
306 49.613775 6.117295
307 49.613893 6.115507
308 49.614342 6.113556
309 49.614318 6.112740
310 49.614740 6.112435
311 49.614703 6.111097
312 49.615297 6.111255
313 49.615997 6.111446
314 49.615872 6.111932
315 49.615976 6.112733
316 49.615151 6.112789
317 49.616273 6.112656
318 49.614971 6.109309
319 49.615167 6.107853
320 49.615261 6.106198
321 49.615796 6.102598
322 49.616249 6.100628
323 49.616327 6.098894
324 49.616688 6.097315
325 49.616819 6.096383
326 49.613277 6.107723
327 49.614161 6.107819
328 49.614098 6.108727
329 49.613977 6.106477
330 49.619735 6.106180
331 49.615062 6.121501
332 49.616424 6.121511
333 49.617862 6.119423
334 49.619162 6.117184
335 49.620299 6.114787
336 49.621377 6.113170
337 49.622070 6.112090
338 49.622247 6.109705
339 49.625802 6.113552
340 49.624946 6.114418
341 49.622994 6.116042
342 49.622228 6.117099
343 49.621050 6.118174
344 49.620439 6.119011
345 49.619805 6.120258
346 49.618736 6.122793
347 49.618060 6.124142
348 49.616969 6.125287
349 49.624892 6.118274
350 49.622293 6.120186
351 49.620759 6.121643
352 49.619984 6.123055
353 49.623578 6.119008
354 49.623859 6.122441
355 49.622414 6.122973
356 49.621299 6.123779
357 49.620755 6.123522
358 49.620170 6.124523
359 49.618681 6.125784
360 49.617488 6.127612
361 49.617754 6.127554
362 49.621454 6.127083
363 49.623113 6.126522
364 49.623946 6.126308
365 49.622881 6.124574
366 49.602379 6.123996
367 49.602555 6.122369
368 49.603966 6.121454
369 49.603552 6.120909
370 49.605167 6.121981
371 49.605567 6.120755
372 49.605866 6.119642
373 49.606351 6.119734
374 49.606682 6.120560
375 49.607359 6.121519
376 49.608125 6.123484
377 49.609008 6.124842
378 49.608258 6.119952
379 49.608648 6.121165
380 49.609552 6.119466
381 49.609895 6.120605
382 49.610049 6.121740
383 49.610201 6.123860
384 49.612302 6.124021
385 49.612948 6.122479
386 49.612994 6.122454
387 49.613059 6.122411
388 49.613117 6.122378
389 49.612975 6.122593
390 49.613026 6.122563
391 49.613050 6.122545
392 49.613164 6.122579
393 49.614726 6.124272
394 49.615890 6.126536
395 49.614670 6.127168
396 49.608650 6.119782
397 49.613645 6.125166
398 49.606310 6.135427
399 49.606389 6.136244
400 49.606962 6.137147
401 49.607726 6.136251
402 49.608386 6.135397
403 49.608433 6.135040
404 49.608747 6.136082
405 49.608141 6.137475
406 49.609154 6.135825
407 49.610236 6.135839
408 49.608961 6.134503
409 49.609713 6.134175
410 49.610345 6.134034
411 49.610538 6.134602
412 49.611496 6.134069
413 49.611223 6.135366
414 49.608908 6.133593
415 49.608415 6.132715
416 49.610194 6.133502
417 49.610413 6.132933
418 49.610099 6.132182
419 49.611210 6.131673
420 49.611930 6.131545
421 49.613071 6.131344
422 49.613833 6.130930
423 49.614318 6.129006
424 49.613725 6.127949
425 49.613608 6.126228
426 49.613719 6.126378
427 49.613630 6.126597
428 49.612353 6.125612
429 49.610711 6.126259
430 49.609807 6.126438
431 49.609160 6.126484
432 49.609499 6.127963
433 49.609379 6.127751
434 49.609352 6.127997
435 49.609340 6.128168
436 49.609358 6.128408
437 49.609239 6.127820
438 49.609244 6.127994
439 49.609246 6.128187
440 49.609479 6.129663
441 49.609381 6.129931
442 49.609589 6.132703
443 49.611524 6.132461
444 49.611851 6.132200
445 49.611482 6.133342
446 49.613457 6.128636
447 49.612943 6.126778
448 49.612090 6.127301
449 49.611497 6.126794
450 49.610234 6.126987
451 49.610957 6.128096
452 49.612129 6.128208
453 49.612956 6.129753
454 49.612037 6.129585
455 49.610505 6.129678
456 49.610542 6.130006
457 49.610163 6.130427
458 49.611319 6.129028
459 49.611165 6.129060
460 49.611200 6.128902
461 49.611431 6.129851
462 49.611566 6.129954
463 49.611257 6.130071
464 49.611421 6.129980
465 49.611389 6.130007
466 49.611540 6.130091
467 49.611546 6.130255
468 49.611377 6.129999
469 49.611432 6.130602
470 49.611267 6.130655
471 49.611643 6.130003
472 49.611624 6.129858
473 49.611773 6.130085
474 49.611714 6.129991
475 49.612309 6.132553
