/ID-Antenna/-/Lat/-/Long/
1 44.073748354329474 9.783952483112902
2 44.06853971855572 9.802097470870326
3 44.067554672216644 9.80873355359331
4 44.07248629196108 9.815506390932198
5 44.07654817747972 9.774566336984385
6 44.08047661939407 9.782404578579845
7 44.0756560077886 9.800363213982598
8 44.08274220539543 9.815229758797003
9 44.08251066112958 9.820919290111132
10 44.09239949805414 9.774593440871627
11 44.08405968706075 9.783347558090464
12 44.08797410661398 9.80062023701039
13 44.089064426382166 9.804605681360249
14 44.08428232437189 9.817518013947467
15 44.09223536934954 9.865576634380153
16 44.09235554219739 9.868669461876419
17 44.08976201938932 9.879526274758446
18 44.09489873682425 9.766691125554425
19 44.09458713210239 9.778534102334154
20 44.0973716779576 9.79380529437394
21 44.099828779846845 9.805107871126891
22 44.099733648317894 9.826898667163379
23 44.09808268545047 9.829855760490801
24 44.10213917237646 9.86149108597287
25 44.10021875897633 9.866765522271079
26 44.09549124776253 9.886771734744812
27 44.107502377917235 9.770262776695883
28 44.110745112387754 9.780533179369943
29 44.102663923799575 9.801688404199453
30 44.10723624369942 9.811229878537391
31 44.104518859121846 9.823872633448197
32 44.11151355182813 9.835239171265707
33 44.11013278454609 9.847552237507548
34 44.10918956468991 9.861322567177535
35 44.10689338254003 9.868427178870489
36 44.1031043437387 9.886991277957705
37 44.114341238391354 9.77709808320914
38 44.11354039756379 9.7880712
39 44.12007050588022 9.795150116701649
40 44.11389241043541 9.814160967554267
41 44.1133077873895 9.824114165651725
42 44.1143209417769 9.833963170411531
43 44.11448752039652 9.847816453123981
44 44.11407146211517 9.861077334593904
45 44.11308422141658 9.87165346828021
46 44.11428488606361 9.883119685785681
47 44.12385067810449 9.783509985479721
48 44.12867356772762 9.791096969206006
49 44.12242715160059 9.81223785670544
50 44.124813325874 9.81593039952549
51 44.122300395037364 9.839228451630818
52 44.125485429401905 9.842055515298204
53 44.12315832771702 9.85345941655538
54 44.12378112540056 9.876462290052695
55 44.123092873783285 9.879187789007187
56 44.133252652256765 9.78958058817253
57 44.13295856281873 9.7993652716724
58 44.13925328410041 9.808383358501974
59 44.13911213156487 9.822657023183538
60 44.13400155904075 9.830375301068836
61 44.136015473786294 9.842840333458952
62 44.13190263794971 9.858747409005058
63 44.14083240363347 9.802383576276243
64 44.14168299436783 9.81450301737366
65 44.14568877227388 9.816659449361733
66 44.14162171513413 9.835197699909289
67 44.14096116719003 9.84086657309723
