/ID-Antenna/-/Lat/-/Long/
1 38.81905627646186 -77.02301497777978
2 38.81502451654659 -77.01231118537694
3 38.820304901679194 -77.02391400608288
4 38.822127558335154 -77.01125522242552
5 38.82561773053569 -77.00706091527317
6 38.82505323172165 -76.99697758665378
7 38.834228877561 -77.02198117739617
8 38.831583781961186 -77.01240884015529
9 38.83334083667212 -77.00913880731643
10 38.83596265528482 -76.99201039416428
11 38.83439748616063 -76.98546224432948
12 38.84356590873477 -77.02137857151706
13 38.84517857263093 -77.01597796225019
14 38.84656241002052 -77.00044691392678
15 38.84263805603181 -76.988505
16 38.84666143606496 -76.98472768003094
17 38.846195952263685 -76.96926928037581
18 38.85063671396388 -77.01204218797892
19 38.85419115704058 -76.99967568352162
20 38.8525037183332 -76.99694354685386
21 38.84995849220466 -76.97978582915817
22 38.85116080061515 -76.9730945652245
23 38.855903473894244 -76.96087976145037
24 38.85895578444091 -77.02368662475789
25 38.8646286819517 -77.01213978939695
26 38.862843427335605 -77.00282011756185
27 38.85746158663386 -76.98642004289229
28 38.86087418168049 -76.97739693301268
29 38.857105339306486 -76.96466055358637
30 38.862639706164416 -76.95679059362995
31 38.864581268504814 -76.9456796763104
32 38.874523174190735 -77.03354652392888
33 38.87234387156381 -77.02363342122811
34 38.87433443848571 -77.01065511450042
35 38.87354153626914 -76.9999724118618
36 38.87427617985901 -76.99166901527764
37 38.86726689894247 -76.98060068009188
38 38.873959848317384 -76.97052258314119
39 38.874744199273266 -76.95326034977117
40 38.87254656514303 -76.94710918592013
41 38.87378999523992 -76.93407901870977
42 38.883976932420545 -77.04608621054534
43 38.88206206064537 -77.04418239944586
44 38.88240640533078 -77.02990061803503
45 38.875511458170244 -77.01290183797906
46 38.87692988549116 -77.00915176343814
47 38.877513058121046 -76.98923734099569
48 38.88033541339749 -76.97630073371772
49 38.877836810020234 -76.97187873190055
50 38.88340346159434 -76.95168373280072
51 38.87864576420734 -76.94342543940363
52 38.877174172050225 -76.93375513816156
53 38.88289076019145 -76.92300228722466
54 38.89180076980905 -77.0618021366082
55 38.890743382441364 -77.05201732154683
56 38.889905979762815 -77.03983283842769
57 38.89209511657474 -77.03108602299012
58 38.889367626595444 -77.01916938280692
59 38.889865847544115 -77.00610946256766
60 38.88980245313976 -76.99219044367209
61 38.88784988347877 -76.98221696883303
62 38.88794453240674 -76.97088648214583
63 38.88758433276424 -76.95411677364675
64 38.88654812779278 -76.93913738119478
65 38.89231980625391 -76.93569558574622
66 38.88639761304908 -76.92176344128615
67 38.88966348580521 -76.91348957053614
68 38.90204588016368 -77.0698663799028
69 38.90257167870089 -77.05945252363864
70 38.90005039119472 -77.05664551409487
71 38.89433408655868 -77.04060975429563
72 38.89789221515188 -77.03195011725167
73 38.897192453033824 -77.01617270261306
74 38.89360276360452 -77.00743991041558
75 38.89705729222989 -76.99105803775242
76 38.894186759634096 -76.97506311232787
77 38.89754119659659 -76.97127346342528
78 38.894817045205144 -76.95480463816342
79 38.89937742903433 -76.94329034850327
80 38.89847604767845 -76.92962652798367
81 38.89415809501283 -76.91367483467526
82 38.89568670000658 -76.91360483851984
83 38.91063728066505 -77.09528065322763
84 38.90960284420962 -77.08576333536035
85 38.90565462040433 -77.07787841110115
86 38.904991207712165 -77.0581078040302
87 38.90764228180808 -77.04823801895807
88 38.90468610662114 -77.03392503302067
89 38.903089380691746 -77.0239655055602
90 38.90780268953829 -77.02128593510787
91 38.905642969827696 -77.00451162559229
92 38.911315008318574 -76.98822988470111
93 38.9095173000582 -76.98124364979789
94 38.91104217503423 -76.96697659996099
95 38.903509737046804 -76.94994473864682
96 38.90561827774792 -76.94087508541439
97 38.90565616442278 -76.93326444011363
98 38.90266609366201 -76.92410841281043
99 38.91936033842857 -77.10166521952269
100 38.91512394741705 -77.0815004199683
101 38.9169330822134 -77.08079014041456
102 38.91791947852795 -77.06191857417387
103 38.91427360325744 -77.0535586522095
104 38.919187000005486 -77.03422359214312
105 38.92064172927438 -77.02552922525784
106 38.91862982450515 -77.01503330220932
107 38.919206423423546 -77.00899746162928
108 38.91774928853956 -76.98847574034207
109 38.91825172352885 -76.97831960262977
110 38.91740955683475 -76.96707715693121
111 38.91198047392987 -76.95655180624355
112 38.91257082622249 -76.93962265345552
113 38.91199796334414 -76.9346272835998
114 38.93025397303934 -77.10688799376341
115 38.92439089806041 -77.0932360191608
116 38.93027798032458 -77.08866677356879
117 38.92661252518287 -77.08072749913444
118 38.92639802136032 -77.06188378855963
119 38.923376702256284 -77.0504126183489
120 38.9243489827447 -77.03647996624885
121 38.92414252267695 -77.02906824370982
122 38.92654090591007 -77.00994287377067
123 38.92406671943345 -77.00535758109872
124 38.93016821197938 -76.99617650887247
125 38.92721013186015 -76.98246778800343
126 38.921263902688665 -76.9654630989374
127 38.92142670466793 -76.9533710529088
128 38.92114507906628 -76.94946333999866
129 38.93609727903028 -77.11179938041614
130 38.934354675309365 -77.09382209625765
131 38.9377592051928 -77.08834880427375
132 38.93733200474135 -77.06936262009195
133 38.93684315617213 -77.0599671880164
134 38.93817790003283 -77.0503804068392
135 38.934168000181984 -77.0411496023227
136 38.9339258015749 -77.0225751473241
137 38.93462815320158 -77.01917885372802
138 38.937564517118524 -77.00526634488199
139 38.932364758370035 -76.99717234652941
140 38.938497264433536 -76.97908491055621
141 38.93507776857079 -76.96838340077484
142 38.93090732799653 -76.95797495257911
143 38.93972235883569 -77.11232906620096
144 38.94378376512086 -77.0957294271921
145 38.94839454549585 -77.08674611783279
146 38.94748720629108 -77.07589000553213
147 38.94879104078631 -77.06658998668098
148 38.94425837762773 -77.0500943840684
149 38.942245220974826 -77.03865046824325
150 38.94365223145341 -77.0323988930443
151 38.944736243621264 -77.01724970895039
152 38.94489784455608 -77.00501413176666
153 38.94555725869821 -76.990239
154 38.945868741559615 -76.98167752986271
155 38.94013492354258 -76.9726645
156 38.94936883167389 -77.09622451175032
157 38.9577502903555 -77.08418605425015
158 38.949452632379376 -77.07460326611617
159 38.9507257095128 -77.06601189615971
160 38.95620998925452 -77.05279792069348
161 38.95558930646285 -77.03342505032887
162 38.95651405813542 -77.03026395483434
163 38.958011303565584 -77.01261572140795
164 38.956673584791986 -76.99774657397917
165 38.94940669665586 -76.9917063275216
166 38.95070658085194 -76.98421462830127
167 38.95903911333079 -77.08435325495242
168 38.95849711728775 -77.0803
169 38.965236643057324 -77.06194088210803
170 38.96204492141979 -77.0549860386072
171 38.95960566592288 -77.04195149276185
172 38.962880429904985 -77.03092876000308
173 38.95990979715248 -77.01616025592803
174 38.960284995577624 -77.00041949610123
175 38.958716309837335 -76.99584980228367
176 38.96761158877136 -77.07171030598678
177 38.97156846104075 -77.0596752798088
178 38.96942988047872 -77.0549999065373
179 38.9743553267262 -77.03841069527613
180 38.973203293724 -77.0236483038402
181 38.973610017376345 -77.01921147440679
182 38.96934172266229 -77.00712313636028
183 38.98052090501316 -77.06045140696645
184 38.98264993165148 -77.0571710811529
185 38.98078252788468 -77.03963293762799
186 38.98234906508922 -77.02968603615714
187 38.9782978293392 -77.02005534291902
188 38.98700863082731 -77.05153031944943
189 38.98861554656121 -77.03871115247209
190 38.98795233993644 -77.03110544606238
