/ID-Antenna/-/Lat/-/Long/
1 37.434508071345334 126.90333260676563
2 37.43469802276753 127.04451414265047
3 37.43332112352468 127.04855625457793
4 37.43400367067595 127.0667836523256
5 37.434739902642214 127.0697958871974
6 37.43912611880957 126.9020414943714
7 37.43809717337047 126.9033112327272
8 37.43686004920038 126.90916062104455
9 37.43874937678471 126.93814994431959
10 37.438800374569745 126.94725876828565
11 37.4394802434294 126.95201284738845
12 37.43935933552631 126.95683234386952
13 37.43922901545764 127.04533232178916
14 37.43698831327758 127.04593079243125
15 37.43941659114963 127.05151791887025
16 37.43858089054107 127.06236072542346
17 37.435447597450406 127.06772756519386
18 37.435761901050924 127.06869147654461
19 37.44230753177956 126.89924070822087
20 37.440143496002385 126.90420646883484
21 37.43977375855081 126.91226504653275
22 37.44114687214853 126.91434150757715
23 37.44364310947258 126.93797597118655
24 37.44012767943563 126.94352113522194
25 37.44198232432721 126.95372820650451
26 37.44088940600939 126.95912206376863
27 37.44317614140213 126.96091537429604
28 37.44025288779731 127.04456935549344
29 37.44185320749198 127.0473053314849
30 37.443266015484 127.05427818943642
31 37.44365839283585 127.06014067339261
32 37.443892067467594 127.07641072942715
33 37.44858509216471 126.89645977158321
34 37.44797207830391 126.89893457229955
35 37.44768538741851 126.9076990770609
36 37.44710575258368 126.90885499376776
37 37.44467945050482 126.91901696068891
38 37.44750537849109 126.92275763971911
39 37.446454959651966 126.93099379614698
40 37.447575530156456 126.9324133364365
41 37.445965511561006 126.93779243639598
42 37.44720248144457 126.94579632632899
43 37.44671329154497 126.9507184945464
44 37.44797616881099 126.95829203503776
45 37.44518520026072 126.96223258736073
46 37.44747601281035 126.96961478912499
47 37.44708191905985 127.04535323763396
48 37.44808361539631 127.0459182690749
49 37.4472918841466 127.05456711618584
50 37.447648835578974 127.05852360178787
51 37.44819300438133 127.0726217965651
52 37.4474884028333 127.07725583905676
53 37.44692150609011 127.081141875087
54 37.452899329933224 126.89007635927848
55 37.45181753263746 126.89544861573359
56 37.449329236669904 126.89985388700434
57 37.448820820663094 126.9024918782572
58 37.45275913609454 126.91273639205828
59 37.4491594710806 126.91866728019946
60 37.44990541377203 126.92246722255624
61 37.45061362731522 126.92680409333101
62 37.45245693648218 126.9328781475903
63 37.450455181237146 126.94096395394794
64 37.453071152690526 126.94376924841416
65 37.45023615926455 126.95191665094055
66 37.449244405509276 126.9545123539148
67 37.4509615994078 126.97062397582788
68 37.453028302254765 127.03709058563086
69 37.45312549192917 127.04293911044228
70 37.451198600339886 127.05105380036846
71 37.450922284052055 127.0565662750667
72 37.44991491306267 127.05812236856427
73 37.450724247856606 127.06381430146621
74 37.45189472968008 127.07356885426965
75 37.451561174242386 127.07827882307984
76 37.45057699732171 127.08556198505374
77 37.45257739755719 127.08691510229765
78 37.456313948723846 126.88679822014474
79 37.45568947902219 126.89265184783653
80 37.454952694534335 126.9006757126985
81 37.45429170418005 126.90462252640266
82 37.455562764438916 126.90875591194312
83 37.457100481452144 126.91881265389006
84 37.4574861170095 126.92100068723123
85 37.45578817292133 126.93100132356295
86 37.454235799750634 126.93217644102215
87 37.45522299595293 126.93686009320548
88 37.45331373186235 126.94381804988697
89 37.454537848383175 126.9502855469202
90 37.45530576879244 126.95468289841783
91 37.45433709883797 126.96916597990518
92 37.45585257551803 126.98227667392997
93 37.456715226177785 126.98279336032584
94 37.4560554084304 127.01551123561404
95 37.457036090465095 127.02109308386966
96 37.456457271072104 127.03904376861024
97 37.45532276250464 127.0411499563305
98 37.457210387805056 127.04798736538143
99 37.45406820678129 127.05381617963268
100 37.45669535550632 127.06104091595628
101 37.45429317706121 127.06549103877767
102 37.45724754245624 127.07168443913308
103 37.453542839191776 127.07554950000001
104 37.45409227533495 127.08121768288531
105 37.45671662001016 127.0886100977455
106 37.45812486969655 126.88781268842072
107 37.46176097809736 126.89471281232069
108 37.46151964916612 126.90136675113018
109 37.46190816363044 126.90522004711849
110 37.46088521898129 126.90871132331212
111 37.45774800324233 126.91682442993158
112 37.461126538772604 126.92346539632612
113 37.45848336853542 126.92816966275475
114 37.46141581456735 126.93471848627372
115 37.45873750456496 126.9372650241548
116 37.46142004221998 126.94490450876434
117 37.4588468432421 126.95248095823906
118 37.45974871944634 126.9546579768169
119 37.457997217501635 126.96864796943396
120 37.460887963327785 126.97919485304902
121 37.460861542996206 126.9847115932966
122 37.45823677486509 126.9885402425843
123 37.46179898218183 127.01423478920236
124 37.46021742661846 127.02010829206597
125 37.460358349116234 127.02531213588887
126 37.461943463472 127.03414581454959
127 37.458205277026416 127.03931136575542
128 37.459160275590406 127.04011799689333
129 37.460607979646156 127.04641552123918
130 37.46037004408881 127.05195391093574
131 37.461950189304574 127.05735346053913
132 37.45825480342942 127.06835400296707
133 37.45824617659791 127.07356700345056
134 37.45803053835335 127.07564700955855
135 37.46210351594419 127.08435022796715
136 37.4580085617233 127.09066437659145
137 37.46079305306566 127.09266549779903
138 37.46144674824643 127.10168275202469
139 37.46065383742169 127.10352077797302
140 37.46182852181236 127.11208409438116
141 37.46199499670062 127.11447557053046
142 37.46488766528983 126.88413186927984
143 37.46285696170785 126.88553057481562
144 37.46255515655093 126.89204182898929
145 37.46457947427663 126.90092212959242
146 37.46493564082576 126.90416561432353
147 37.462517848633674 126.91072896348268
148 37.46347348427795 126.91486630473143
149 37.46648352386543 126.92135348820736
150 37.46629617547205 126.92818614033892
151 37.46616000403074 126.93610985796926
152 37.46372485574864 126.94207003838805
153 37.46516566053522 126.94390208102374
154 37.4639206148722 126.95359225593204
155 37.46650101463434 126.95909731454124
156 37.465954516639094 126.96439757981652
157 37.46391751624062 126.96609843752576
158 37.4647962578561 126.97162537096789
159 37.466657738224704 126.97755422441614
160 37.46259249177017 126.9878373588833
161 37.46615251218066 126.99024521882183
162 37.46319686263713 127.00508421491905
163 37.46593299694916 127.00914997764323
164 37.46283996860262 127.01610647771832
165 37.464005729574446 127.02135451739846
166 37.462266996789474 127.02362747795512
167 37.4650800307508 127.03340095219471
168 37.46567275589033 127.03805475399668
169 37.466053786815536 127.0424349938311
170 37.462950238419 127.05100208026928
171 37.462557400021126 127.05637977015454
172 37.46300886328259 127.06101652867021
173 37.46326165419993 127.06299725615767
174 37.46561768878884 127.07345943028899
175 37.46455482799762 127.0792017333225
176 37.465293665609714 127.08243199188344
177 37.46362392485584 127.09089948823622
178 37.46543071406292 127.0966449728231
179 37.465390370624675 127.09824557998665
180 37.464174091347914 127.10642354723694
181 37.465203300581855 127.10912500275964
182 37.46658088146516 127.11492921517033
183 37.46606404662675 127.12144230351291
184 37.470148554117145 126.88228564731145
185 37.46927624408415 126.88591834489829
186 37.46930859884581 126.89491119838323
187 37.46727815587376 126.90114087741595
188 37.467041186113846 126.90268933009686
189 37.46734521664185 126.91131802081357
190 37.467012116037886 126.9195236320087
191 37.466847054976 126.92026689937855
192 37.466701560447795 126.93061654652638
193 37.46772411130116 126.93493821278
194 37.47075975684417 126.93724690776513
195 37.46772095592121 126.94624456100628
196 37.467853007138956 126.9485269115122
197 37.47100963317411 126.95559653521062
198 37.46932239057372 126.96523283986275
199 37.46971971490309 126.96626857776717
200 37.46912013143087 126.97261914973978
201 37.471067420537366 126.97866504674118
202 37.470035502848255 126.98342276766414
203 37.4708274528655 126.98883730305724
204 37.469425587808175 126.99832650469104
205 37.47106202187835 127.00352934097579
206 37.47033714695334 127.00743244070527
207 37.47101742742144 127.01506257349217
208 37.46677974988233 127.02184899065695
209 37.46827675765857 127.02557201859727
210 37.46989498024072 127.03396588022636
211 37.46861318975451 127.03493394499536
212 37.46789315293007 127.04440327571398
213 37.46983233841115 127.04862297267591
214 37.46839794319707 127.05667190581913
215 37.46933288008439 127.06270940887094
216 37.46952478944792 127.06818380381158
217 37.467900256130996 127.07198413501062
218 37.46711249399284 127.07732796133804
219 37.46822984600081 127.08553390770466
220 37.47046756136517 127.0877562289263
221 37.46917542167377 127.09179755800754
222 37.46777815791878 127.09994592670616
223 37.46917093893451 127.10384063369666
224 37.46690891096151 127.11276633141044
225 37.467601127236385 127.12005422106378
226 37.467869428263434 127.1211463742838
227 37.46962223671925 127.13163138318174
228 37.47029147487022 127.13193092845314
229 37.47448096724658 126.81643211657506
230 37.47544799939118 126.81756769957111
231 37.474444660735315 126.84490899298926
232 37.4751789005642 126.87858354343791
233 37.47280867228097 126.88018133709382
234 37.47232602686365 126.89075950828021
235 37.471561301869265 126.89173658457227
236 37.474826562501526 126.90084391660807
237 37.47328728199696 126.90585232845113
238 37.475665400868145 126.9133911453174
239 37.47337529140635 126.91887876303109
240 37.474987866216395 126.92289797149265
241 37.475467445445375 126.92547316022869
242 37.47537289732527 126.93558183463526
243 37.47226509488116 126.94049053067278
244 37.47404336476639 126.94270226042576
245 37.47384851229968 126.95167020148494
246 37.47533258356689 126.95572712733106
247 37.473526871434494 126.96505159694348
248 37.47318447174771 126.97018003993938
249 37.472812858772485 126.9726560523096
250 37.47142635210606 126.97957736913385
251 37.4735725324851 126.98536493161312
252 37.47473399936322 126.9935800765203
253 37.47308322421099 126.99750898409289
254 37.47137336236035 127.00397337217403
255 37.47118909896441 127.00726325512599
256 37.4719549079994 127.01696933919116
257 37.47284949737503 127.02180339553301
258 37.47223518226989 127.02354856451886
259 37.4745082333805 127.03342170924164
260 37.47532218047882 127.03425844212087
261 37.471209045753405 127.04533990904773
262 37.47500277535678 127.0474524035707
263 37.47327921783854 127.05180111105584
264 37.474273513083546 127.06056015937422
265 37.47136319419712 127.0633757537718
266 37.47163348177927 127.0712445451062
267 37.47356209433829 127.074749312005
268 37.475365657509876 127.08539226711216
269 37.47139442323813 127.08966266609765
270 37.47333601898 127.09664686064906
271 37.47437165262718 127.09902796371605
272 37.47519949992339 127.10527654996064
273 37.47387426219755 127.10917796361335
274 37.47155559129962 127.11677458633278
275 37.4749853919715 127.12241638223475
276 37.47559530037017 127.1286051677283
277 37.474777782967365 127.13289024190829
278 37.4752379617156 127.14220993733238
279 37.47532852510407 127.14356714400797
280 37.4783209796528 126.82190886321916
281 37.47763526435233 126.8250478470865
282 37.47849069610948 126.82841278052604
283 37.479608013027644 126.8393480866026
284 37.47959048807444 126.84187701377044
285 37.47891422171103 126.8454496653215
286 37.47784304709668 126.87673882511926
287 37.47978864913489 126.88067525987469
288 37.47998682077418 126.88786070153076
289 37.47985149226861 126.8933968367413
290 37.47696776538288 126.89856008269705
291 37.479001178036924 126.905793935404
292 37.478912840649755 126.91310010442533
293 37.476001328507685 126.91531688400497
294 37.478271849463106 126.92017305621573
295 37.47983854095677 126.93023921254937
296 37.47880171463586 126.9327886458892
297 37.47989228824911 126.94066463318003
298 37.47801528347757 126.94563557451386
299 37.478880313381836 126.95084171399148
300 37.47820442413529 126.95851194073292
301 37.48003483744221 126.96288191542794
302 37.47786743889252 126.97091078747371
303 37.476439452330006 126.97271026208142
304 37.47950494856196 126.98025123057911
305 37.478886237683554 126.98546709420481
306 37.477673219370615 126.9890561253952
307 37.478253105978034 126.99974481682142
308 37.47649315173057 127.003047035679
309 37.47961023914082 127.00817872913657
310 37.477051187871034 127.01294579896587
311 37.47970564672155 127.02064706629795
312 37.4774245423386 127.02810767463868
313 37.47610466293096 127.02885568770705
314 37.47898001005781 127.03580522102195
315 37.47769744970446 127.04029259715135
316 37.476519184551044 127.04884721641722
317 37.47817547430388 127.0518018563914
318 37.47620644076272 127.05901915524338
319 37.47919807638819 127.06499407447642
320 37.480000388865044 127.08395309317828
321 37.475954338557 127.08739473062904
322 37.47731921231544 127.09242584626553
323 37.47974838577173 127.09817761472084
324 37.47639894460072 127.10606513434996
325 37.47680955870831 127.110263238599
326 37.47929589760121 127.11673922950568
327 37.47991092216325 127.12431017232167
328 37.479883188702445 127.1268734754449
329 37.4799564264931 127.13403730541805
330 37.478936753719545 127.14300016121783
331 37.478144351663104 127.1432203696707
332 37.48363282447858 126.81954005503987
333 37.48161548390845 126.82477539505662
334 37.484165438905094 126.82817178590165
335 37.48366695120735 126.83816483418977
336 37.48100982812532 126.84272955923024
337 37.48127698008549 126.84585372069381
338 37.48418464509274 126.85272797550769
339 37.484650622642704 126.87351686987863
340 37.48114182430024 126.8754051661856
341 37.48292021584903 126.88377285016148
342 37.484027914974426 126.88943758236216
343 37.48099350339171 126.89636529009722
344 37.483769189950394 126.90026979172185
345 37.48364000224589 126.90666808568113
346 37.48159445281664 126.90956254145894
347 37.48327254889008 126.91562500110713
348 37.48108015981857 126.9252544956597
349 37.481671036771914 126.93103734851859
350 37.4806046669769 126.93386076794113
351 37.48263517864326 126.93865039012915
352 37.48436711946897 126.9431450899454
353 37.483485582636135 126.95330096630892
354 37.4826241693123 126.95941415416029
355 37.48170081569247 126.96222720366386
356 37.48143977265723 126.96973104829792
357 37.48133854179893 126.9754367536561
358 37.483659793832665 126.98193286913134
359 37.48097176787389 126.9867551228727
360 37.48396413439577 126.98881377868145
361 37.48037814331115 126.99641888356116
362 37.48248766573563 127.003188460104
363 37.48072112197438 127.00875527652936
364 37.484314159384965 127.01257754228838
365 37.482846020595595 127.02177255705469
366 37.481134373881204 127.02692701510287
367 37.48216923274576 127.03166116610764
368 37.48416061706455 127.03657641930344
369 37.483646884229024 127.04048258041648
370 37.48397442736436 127.05141566319764
371 37.48367707928676 127.056572297941
372 37.48230022287586 127.06183940026393
373 37.48032804382227 127.06694056341561
374 37.48388095396942 127.0723786050853
375 37.48151742916431 127.07723195922637
376 37.482111118662516 127.08305122271884
377 37.48422715525173 127.0905809766018
378 37.48149469761264 127.09270512194223
379 37.481516611734826 127.10185613842381
380 37.48032738286783 127.10309606376168
381 37.48213055582519 127.11150909416683
382 37.48036292656325 127.11618081560064
383 37.48193122876644 127.12160841737666
384 37.48338865315323 127.13000656453563
385 37.48043435577465 127.13655565578333
386 37.483258069477095 127.14133137315001
387 37.48122861827224 127.14446629793946
388 37.48484201130198 126.82053732776912
389 37.48904759980882 126.82429811242068
390 37.487750939395276 126.83034970130112
391 37.489102184768264 126.83791976856355
392 37.485318793783215 126.83957092486327
393 37.48596052047954 126.85075375696789
394 37.487882391976655 126.85286679105579
395 37.48869114329701 126.85694443911633
396 37.48477827044336 126.87346114499873
397 37.486185970251256 126.87650711235686
398 37.48575944957584 126.88497482587132
399 37.486480368932334 126.88760770348728
400 37.48919419475644 126.89236323375023
401 37.48474622570704 126.90198742445273
402 37.48555887565319 126.9065743022343
403 37.486200435627005 126.90959430454367
404 37.4852049485981 126.91646277454066
405 37.486399377103005 126.92516380324687
406 37.484947163071126 126.92792357049522
407 37.48609751498507 126.93415272942548
408 37.48871718526755 126.93700949474932
409 37.48584370093228 126.9432734325849
410 37.48867994286905 126.94912616076363
411 37.48666689747471 126.95497927569232
412 37.48618412317083 126.96198420114958
413 37.488543940838746 126.97118363881152
414 37.48817978795501 126.97429448218675
415 37.485669474729725 126.97715964731158
416 37.48799019201413 126.98703591943452
417 37.48590515721468 126.99258581743673
418 37.48798098808031 126.99619219626693
419 37.48572254089724 127.00318792428322
420 37.48666757809558 127.01106326211745
421 37.48599945225692 127.01348798511992
422 37.48856366610919 127.02217038891229
423 37.48772068558702 127.02350041259507
424 37.48475079155261 127.03043120201116
425 37.48547052684415 127.03746928466171
426 37.487078069224 127.04191127240423
427 37.486717884247746 127.04624047864766
428 37.48805144340124 127.0557223449817
429 37.48732432599274 127.06135773796146
430 37.489066007766944 127.0681766268861
431 37.48677600980166 127.06955504506132
432 37.48851244013975 127.07568432923976
433 37.485158613417205 127.08481849260261
434 37.48561060112279 127.08697869059893
435 37.48794456921579 127.0969679539668
436 37.48638863248757 127.09953702900957
437 37.48865732128222 127.10609658174214
438 37.485532797407 127.1088837930339
439 37.48842112483538 127.1183542249776
440 37.4891396403224 127.12183193543076
441 37.486370464935746 127.13067168067242
442 37.48898011918325 127.13437029512184
443 37.4854533700282 127.14111563349208
444 37.48522655907184 127.1475687689821
445 37.48886541169862 127.15079400000002
446 37.48919564867804 127.15587756123611
447 37.49347139234855 126.81571827845939
448 37.49235022867191 126.821000083491
449 37.489927383181566 126.82413122769263
450 37.49320046272138 126.82879708515426
451 37.490218654562206 126.83756167836523
452 37.48934254438391 126.84131741825267
453 37.49084650787295 126.84567591868385
454 37.48986098445354 126.85489716450724
455 37.49014090551276 126.85863158956576
456 37.49318459823965 126.86279209146144
457 37.493312792274544 126.87158058108514
458 37.49365123797903 126.87575073597364
459 37.490066944776046 126.88477052753497
460 37.49354830365175 126.88540438323403
461 37.49239561232906 126.89120187831098
462 37.4922738861407 126.89843958687192
463 37.48931944426965 126.9037413957406
464 37.49238366190548 126.90922719931235
465 37.49016036395922 126.91759563359894
466 37.48980373631043 126.92244491644982
467 37.49251117260864 126.92603842395903
468 37.4893864603102 126.93255210290042
469 37.489899401906506 126.93992658872848
470 37.4926750176695 126.94348709808311
471 37.48959819324716 126.95187560773792
472 37.48984835700531 126.95450380211769
473 37.49102656046487 126.963465
474 37.491636413503834 126.96888609481398
475 37.489272045704965 126.97165714159163
476 37.48947796306018 126.98257021026986
477 37.4929817747601 126.98748490961029
478 37.49171484438696 126.9903601368489
479 37.49242319154601 126.99517176920637
480 37.48963879879385 127.00517558878349
481 37.49102150883722 127.01043553877543
482 37.49020927359536 127.01429738648882
483 37.4923565843259 127.0187344300203
484 37.48971924047804 127.02379000654805
485 37.489828716200485 127.03270414104553
486 37.492564631965585 127.03985854083002
487 37.49184938279895 127.04125641153868
488 37.49058545058563 127.04760425587544
489 37.49021524276605 127.05331067498877
490 37.490038963507025 127.06215023377129
491 37.492820225897106 127.06536157413896
492 37.49163213493947 127.07337326982427
493 37.49318301628365 127.07782684857773
494 37.492833687250126 127.08503408294125
495 37.49080556172791 127.0864549180716
496 37.49365849734604 127.09619892196045
497 37.49036537572771 127.10035204333317
498 37.490714528221666 127.1085437037378
499 37.48994794704683 127.11187490780202
500 37.49216273381256 127.11682052462285
501 37.492936020829305 127.12585056302251
502 37.49155218968907 127.12687662892995
503 37.490142068954825 127.13679074735947
504 37.49353758058038 127.14091587748652
505 37.49192713087741 127.14395794532548
506 37.4924570400175 127.15318070547467
507 37.49256556115959 127.15627896864237
508 37.49387467178728 126.81643484500684
509 37.49546707823066 126.81675919189483
510 37.49661088004047 126.8245695296481
511 37.4941294251209 126.82982769349209
512 37.49788828256945 126.83675555792124
513 37.495107053539186 126.84346050935527
514 37.49666058185964 126.84991970389441
515 37.494082396953445 126.85436041090857
516 37.4978417299057 126.85670800484188
517 37.49547525916185 126.86508808972702
518 37.49467651118238 126.87286272425916
519 37.497264828872865 126.87487866265238
520 37.496570491804256 126.88155280193654
521 37.49409753820029 126.88783590860179
522 37.496717123841 126.89412303699274
523 37.494822032867866 126.90184265870575
524 37.49628412290502 126.90605855287218
525 37.49727367180632 126.90824923926007
526 37.49815163645716 126.91529542541618
527 37.49822030437942 126.92088879465852
528 37.495385640213904 126.92663166727864
529 37.494520068237314 126.93207687441354
530 37.49527192819517 126.93823094385804
531 37.49661604735826 126.94631396420566
532 37.49778617124249 126.95301886282135
533 37.49505562412478 126.9546238630097
534 37.496025946551896 126.9607154546056
535 37.494362973121106 126.970521640083
536 37.49798645658699 126.97264176097246
537 37.49521017895925 126.98261363086617
538 37.49394527288172 126.98575433773146
539 37.494242148614276 126.99050994633717
540 37.4966656742203 126.99673807751788
541 37.49476506535062 127.00530271670972
542 37.49747973361662 127.00582227768226
543 37.497056198950325 127.01603986982326
544 37.495106263864756 127.02244257021208
545 37.4943758847872 127.02798286298264
546 37.49718443343688 127.02913716824334
547 37.49474342127437 127.03883182173507
548 37.49479420495793 127.04494871035926
549 37.49747685982579 127.04872081264296
550 37.497328477101426 127.05634117519143
551 37.49739741712569 127.06173771793647
552 37.49686966865103 127.06381173731359
553 37.49631429291625 127.06932283430959
554 37.49816826112844 127.07552426530077
555 37.49431895728594 127.08057042624056
556 37.49647959398462 127.08901620825598
557 37.49484263522925 127.0942824030435
558 37.49374785764513 127.09837719395303
559 37.49582027116644 127.10856630576892
560 37.495259423523684 127.11415238691605
561 37.49793324033466 127.11808137781573
562 37.497523351936 127.1218347769994
563 37.496923214040095 127.12629920520926
564 37.49616862216712 127.13490848284361
565 37.494595061089974 127.14311416410659
566 37.49604844907299 127.14570780776013
567 37.49437042810734 127.1523818433028
568 37.49600753383467 127.15986163012693
569 37.49772256246909 127.160416199058
570 37.499079557286024 126.82119657706579
571 37.50211526069535 126.82707769038862
572 37.50188539766807 126.82903868265012
573 37.50199778487846 126.83860150015292
574 37.49881797615848 126.84428402141963
575 37.4996937526662 126.84723181631072
576 37.502296334279265 126.85591057015009
577 37.50149392087844 126.86149529562503
578 37.50067700307659 126.86361471531546
579 37.501199975436826 126.87352678051117
580 37.50215380201397 126.87791209515343
581 37.49850638716736 126.8797560250578
582 37.50080431914221 126.8906732364283
583 37.500470493404094 126.892272128699
584 37.49989942289948 126.89834220696615
585 37.500850813134555 126.90289014114546
586 37.499189510592856 126.91046407314032
587 37.49844280977494 126.9168466326728
588 37.499504241071385 126.92248487250866
589 37.49886471459552 126.92853849465047
590 37.5008381199898 126.93244809624176
591 37.50125726379638 126.93717097964641
592 37.50207505515358 126.94801549850706
593 37.49982927005414 126.95131041640856
594 37.50121390670943 126.95406030720827
595 37.50018342743528 126.96222297916118
596 37.50195851986495 126.97087194387227
597 37.49938503997046 126.97617004407094
598 37.50210099208608 126.98130182049545
599 37.50196178986729 126.98456756252948
600 37.49830061036977 126.98948039783998
601 37.501024501501334 126.99757384611658
602 37.49983116014518 127.00438935967263
603 37.5011330867977 127.0101805293328
604 37.49943923661404 127.01284469053788
605 37.499212790137435 127.021191372897
606 37.50190861356117 127.02830677747988
607 37.49922923697608 127.03094288883158
608 37.49860403378569 127.03543216648846
609 37.50074316682693 127.04475069897258
610 37.49824749636482 127.05096615932096
611 37.50054241556661 127.05516425859525
612 37.50071623003949 127.05835007148498
613 37.498743835562365 127.06596375200526
614 37.498827432199874 127.07025529943456
615 37.49905500983204 127.07863761712821
616 37.50077431779942 127.08434987529249
617 37.50092005318661 127.08838204495406
618 37.50082207447003 127.09350037185386
619 37.50050711865685 127.09736886201655
620 37.50081598541093 127.10482509782405
621 37.50038740859544 127.11096793056883
622 37.502671084640475 127.11532533778401
623 37.49854475792214 127.12518043522599
624 37.500513652948385 127.12836745279047
625 37.502090285459914 127.1340688996513
626 37.50084742864272 127.14215573766688
627 37.49871937560436 127.14688886690784
628 37.49868489956317 127.15426463896674
629 37.501177331970915 127.15488216757637
630 37.49900017395259 127.16043014404337
631 37.50323996453168 126.82523982438441
632 37.506276565384724 126.82801462330433
633 37.50638171527106 126.83535940780214
634 37.504944276302695 126.8417601052236
635 37.50467045788948 126.84995920898065
636 37.5034851789904 126.85156949304759
637 37.507130899555285 126.85865882162219
638 37.50676910675422 126.86499461566962
639 37.50285908502144 126.87327930163681
640 37.5052061007756 126.8761387833386
641 37.505067923149205 126.88268153950563
642 37.50274677715353 126.89059316774313
643 37.50437270018226 126.89649738695485
644 37.504083945642904 126.89883372845769
645 37.50460017641792 126.90404197798952
646 37.50533011800796 126.91081700825002
647 37.506910509899114 126.9139315189851
648 37.50438673402883 126.9203331374895
649 37.504822089460454 126.9292985172852
650 37.50324940166064 126.93263586465459
651 37.505328864034574 126.93941593052091
652 37.50618482177836 126.94477344170453
653 37.50645755418536 126.9483037834274
654 37.50657637804891 126.95703293646615
655 37.50496275886575 126.96430958621642
656 37.50526471275061 126.9659111716117
657 37.50568557148524 126.97196809885425
658 37.50507150527121 126.97789177748527
659 37.50535168167281 126.9879263634217
660 37.50676851645752 126.9918339224246
661 37.50616333372373 126.99735002416786
662 37.50536506957519 127.00214833818791
663 37.504696647817426 127.00634090710757
664 37.505198699415665 127.01380520420061
665 37.502968647597825 127.01942355642537
666 37.50282525336233 127.02513342630516
667 37.50409338143136 127.02955896084768
668 37.50607712194109 127.0362853041863
669 37.50554038642088 127.04255175294523
670 37.50350167089073 127.04605550687707
671 37.5035915796204 127.05195703056805
672 37.50340975378036 127.05849176951008
673 37.505515490505346 127.06607958189605
674 37.50543985421159 127.07354874787896
675 37.50527566549505 127.07751204966763
676 37.503409588893916 127.08322186136135
677 37.50373369824721 127.08981311583652
678 37.5070207986803 127.09407008987618
679 37.505935009784594 127.1004474111054
680 37.506054320263694 127.10573376985502
681 37.50645970273374 127.10879115686652
682 37.50346732800073 127.11687758175952
683 37.506491635311164 127.12310555833113
684 37.50386847377609 127.12994281581719
685 37.504848844757994 127.13708413385355
686 37.503323640115944 127.13750964991762
687 37.50343842529048 127.14476198198695
688 37.50277706239109 127.14940842252794
689 37.51118539324546 126.83279141065029
690 37.50804579936108 126.83520203115712
691 37.507533971107215 126.84489550154622
692 37.509914993651606 126.84720721285974
693 37.507425915471224 126.85409832548505
694 37.511734519629634 126.86009233020494
695 37.50944618842697 126.86395031407643
696 37.51149869393403 126.86812839889028
697 37.50864112467091 126.87734407037792
698 37.507712008342516 126.87970322875852
699 37.509537077880715 126.88855348675582
700 37.51052382014834 126.89434956193375
701 37.5106440426723 126.89885557959558
702 37.51005614732183 126.9025471021565
703 37.50837064113724 126.91010177126091
704 37.511510327095216 126.9139031268609
705 37.507947352052625 126.92134361925233
706 37.508869075834276 126.92895672655055
707 37.5098113233349 126.93322489362927
708 37.51151524990946 126.93919022663141
709 37.50856189131011 126.94769225708022
710 37.509293434519314 126.95014063357124
711 37.51080655234962 126.95556084088592
712 37.50788109119398 126.9615888133866
713 37.50739955813221 126.96960106870921
714 37.50727515200926 126.97135122133535
715 37.50799790615148 126.98102194452653
716 37.507345199064154 126.99256676968574
717 37.509493314633154 126.99780087970129
718 37.511271545051045 127.00132330834703
719 37.50999924305181 127.006702648654
720 37.510470348702796 127.0135103407072
721 37.50812613725709 127.02263793816631
722 37.509424165242145 127.02379704761736
723 37.510602063147346 127.03234601594916
724 37.50845233227029 127.03534666165316
725 37.508249889066505 127.04457698574825
726 37.509046794585764 127.04575357414623
727 37.51167652847805 127.05178211346808
728 37.50917558718255 127.0580032126354
729 37.50915263877033 127.06454643930626
730 37.509220600949426 127.07083591428339
731 37.50730202555103 127.07957882269186
732 37.510348389115116 127.08484709925185
733 37.507657851114494 127.08775006064086
734 37.50868454164503 127.0920103624742
735 37.511314338657 127.10153777958139
736 37.50746977249111 127.10529861891051
737 37.51002995988795 127.11267551953883
738 37.50889697949103 127.11574203879296
739 37.5105166360869 127.12044262236972
740 37.50991932573653 127.12825289206
741 37.509400486540926 127.136979188671
742 37.50785349820753 127.13810389513046
743 37.51390986641276 126.8276627617522
744 37.51240579265938 126.82942163860928
745 37.51259676021647 126.83714391533124
746 37.51275482846535 126.84434573012463
747 37.51392195584258 126.84570945355448
748 37.51464219693636 126.85598064934561
749 37.513665862593925 126.85769276792934
750 37.5132986454683 126.86759687540717
751 37.51476437864679 126.87181057221629
752 37.51441961070881 126.87680366681377
753 37.51605436919108 126.88196394441115
754 37.51561765159693 126.88878360421273
755 37.51521342514506 126.89619922335169
756 37.51197096803647 126.90078920455886
757 37.51586275294838 126.90319090654222
758 37.512677462232816 126.91179133926272
759 37.51185874359335 126.91611406134649
760 37.51538067023485 126.92023579665863
761 37.515323310822325 126.93014406747628
762 37.51616534799055 126.93634438585417
763 37.515583946882025 126.93868947638371
764 37.51300776902994 126.94558075721991
765 37.512803482370025 126.95395545417925
766 37.51366681540137 126.95568064159713
767 37.51194112255735 126.96012399311529
768 37.51617093270562 126.97548109153301
769 37.5162416853541 126.97973523342682
770 37.5149041486961 126.98310543722131
771 37.516176564629475 126.98839127980753
772 37.513120650752946 126.99727507822455
773 37.51191030377831 127.00513051231644
774 37.51374833878014 127.00966203152026
775 37.51564097616042 127.0159017271387
776 37.51520305017982 127.01738667729018
777 37.51277874362352 127.0266899343118
778 37.512759558666964 127.02960721881487
779 37.513427626989824 127.0363693246824
780 37.51408225615166 127.04396464338234
781 37.51457808014105 127.04695724983166
782 37.51548894298127 127.05445498790584
783 37.51398873615804 127.05905484264993
784 37.514454637027136 127.06389415180425
785 37.51230364925862 127.07034014139286
786 37.51529902664661 127.07759135789794
787 37.51252791169173 127.08212286999381
788 37.512315294487884 127.08605930573883
789 37.51305122310406 127.09636749143986
790 37.51565351549908 127.09804555751438
791 37.51203889623359 127.10796647953043
792 37.513076101458516 127.1087599904784
793 37.513496432219824 127.11863496678794
794 37.51243852565001 127.12225991267603
795 37.516179360491655 127.13114546888681
796 37.515785914460466 127.13580551990832
797 37.51465759109748 127.14132437096326
798 37.51591061323807 127.14338340233637
799 37.516462667742516 126.83117952749767
800 37.518244150717386 126.83812692434269
801 37.52007030618802 126.84369757263575
802 37.517878356248254 126.84966164779834
803 37.51965095698156 126.85231988105177
804 37.52070025554779 126.8620514653327
805 37.52055237591678 126.86324443629337
806 37.519033368027216 126.87171816224907
807 37.518430259357835 126.87495882275269
808 37.51731936033676 126.88253021488474
809 37.51867239931617 126.88975446925602
810 37.51977547143883 126.89525697881898
811 37.518565891849384 126.90126982674072
812 37.51815298713865 126.90574596649827
813 37.517645312988215 126.91190019424668
814 37.52077320337763 126.9154631147139
815 37.51712439775728 126.92164098428198
816 37.517675315645 126.92938853745785
817 37.5199729207555 126.93275734486843
818 37.51974973984703 126.93692195217352
819 37.517013967394725 126.94287339463975
820 37.517057883281836 126.94843418944644
821 37.517515623253956 126.95864669948234
822 37.519347761868794 126.96013139157218
823 37.51817795400303 126.97095469024866
824 37.517719952979014 126.97294030613936
825 37.52072795386707 126.9801368099911
826 37.51791156496929 126.98487024980638
827 37.52051931201975 126.9938840444351
828 37.519989641063546 126.99530994838341
829 37.51665804999968 127.00998528048933
830 37.51756633148004 127.01490433844727
831 37.52071425659352 127.01809030615743
832 37.516558291719726 127.02288716897995
833 37.52017030347392 127.0293980698463
834 37.518097309891 127.03925975859566
835 37.52014030030706 127.04483607195964
836 37.51899668155022 127.04770812701362
837 37.51911304238862 127.05174881138947
838 37.51704812453476 127.0608730541651
839 37.5200590175497 127.0629260319698
840 37.51863668929405 127.07291355441315
841 37.51770679307036 127.07756298457743
842 37.516611938694275 127.08323267699616
843 37.517125447504995 127.08655202985771
844 37.51931275028448 127.09388784655309
845 37.51787238066686 127.09862891550722
846 37.519253463329406 127.10479523410731
847 37.51991513642587 127.11284036147883
848 37.519420898316106 127.11637307572379
849 37.519206048102156 127.124572438252
850 37.51876372527423 127.13039467761054
851 37.52018611924315 127.13693750999704
852 37.520726435651575 127.13743343095118
853 37.519843800468415 127.14493282491405
854 37.52385323376456 126.82777818479192
855 37.52414813937367 126.83118347798708
856 37.523453935649655 126.83819530058175
857 37.52288991604211 126.84368592736877
858 37.52329800581913 126.8456281457677
859 37.52107330126189 126.85265402501436
860 37.52466988680792 126.86059806187404
861 37.525119525901886 126.8672779236677
862 37.525255384292386 126.86957439570129
863 37.52286580995389 126.87718376718409
864 37.52502174919299 126.88427937718566
865 37.52349305087992 126.88860567333289
866 37.523571293835296 126.89606703834598
867 37.525008214161495 126.89872827985637
868 37.52200060994177 126.90682130725573
869 37.5233479134122 126.91300407653749
870 37.521223578936514 126.91749950253477
871 37.52314123974047 126.91972744850084
872 37.52485125423754 126.9268577114032
873 37.524088664788195 126.93622462377853
874 37.521113724443246 126.93901753258439
875 37.52514744367969 126.95388603810339
876 37.5231438790297 126.95636086441047
877 37.521918582096745 126.96401408085039
878 37.5239377937422 126.96915166105717
879 37.522034520763164 126.97547838795747
880 37.522056534837816 126.98209245768778
881 37.52299662726291 126.98319099864962
882 37.52326980638828 126.98960255427653
883 37.52135841057305 126.9994507444919
884 37.52302001762397 127.00116712191908
885 37.524643076094286 127.01620705350103
886 37.521508201950844 127.01710622681324
887 37.524078796681636 127.0271302983364
888 37.52444341743504 127.02976981686908
889 37.522141275293215 127.03853786526975
890 37.52371815168867 127.04563433619494
891 37.52524008195968 127.04582563667218
892 37.52488752340137 127.05278821270409
893 37.52106807542521 127.05855519776674
894 37.522826384037025 127.06301469693247
895 37.524881958086574 127.0914272239858
896 37.520927725158685 127.09698391320481
897 37.52099376780719 127.09941219089389
898 37.52161593790564 127.1031634840863
899 37.524718687372804 127.11181854520913
900 37.5216760370886 127.11652614298322
901 37.521448610092605 127.12394637600714
902 37.524912989381356 127.13157815633424
903 37.52456733108516 127.1334823797902
904 37.52294800694671 127.1403111306364
905 37.5235528401655 127.14410028406367
906 37.52683906303501 126.82864684226305
907 37.529298598636025 126.83713501542537
908 37.529615825687046 126.84424756114791
909 37.52671983992338 126.84939249113967
910 37.52977171310361 126.8528851643948
911 37.52958631139098 126.86108078135734
912 37.525830125839356 126.8664305008405
913 37.52561050423777 126.87173200873627
914 37.525586018001086 126.87807290007976
915 37.52581662765175 126.88489904397875
916 37.52543391858196 126.88619697321876
917 37.527890954582325 126.89158354115038
918 37.52745852893026 126.89701172497816
919 37.52618122709393 126.90596600080384
920 37.52661381784227 126.91023371999985
921 37.527917718595965 126.91877347490845
922 37.525454103724364 126.92524942275512
923 37.52791534889117 126.92595168994931
924 37.52719596830074 126.93278040430131
925 37.52535166301785 126.93755440973298
926 37.526827432640005 126.94529207052656
927 37.528257985875676 126.9529770494944
928 37.527078774291205 126.95411330538342
929 37.525531070432116 126.9643570485694
930 37.52835647318523 126.96712149377153
931 37.52929489862327 126.97665479596267
932 37.52935298636502 126.97720507843223
933 37.52564363461781 126.98509748413443
934 37.5291604494271 126.99183912450707
935 37.52529837894385 126.9954228347062
936 37.52924304851403 127.00140270217784
937 37.5288792404419 127.00923996473759
938 37.52548869075369 127.01438386074673
939 37.52820881608015 127.02268205842184
940 37.527931311950795 127.02755191859335
941 37.526514175441555 127.02931004142711
942 37.52960505273474 127.03535624440353
943 37.52664831669047 127.0436592925189
944 37.52609447919617 127.05019368730389
945 37.5256963466972 127.05345259096161
946 37.525286653270044 127.05728370700139
947 37.529610917445 127.0647633263255
948 37.528738769503555 127.0688527677549
949 37.52938207580619 127.07671643752258
950 37.52941347048441 127.08442924790054
951 37.52970794095496 127.08928323650217
952 37.526453910571504 127.10623012064974
953 37.52963291499118 127.1142086089632
954 37.527448970938806 127.11522494349292
955 37.528359672124196 127.12409909410242
956 37.52630145180405 127.13126247989953
957 37.525398195145755 127.13534485235819
958 37.527166409910116 127.14189058260854
959 37.528069730457986 127.1454456029205
960 37.52768222716787 127.14934170345248
961 37.53283001169264 126.82606258834379
962 37.53116124488013 126.83141782810253
963 37.52991587025475 126.83629510094623
964 37.531470216973176 126.8401001015109
965 37.530699052170306 126.84867623882938
966 37.53133831405856 126.85206150144302
967 37.533264080543816 126.85925454110182
968 37.532711106107634 126.86495623314491
969 37.53122116914066 126.87178892822789
970 37.532831401549416 126.87468379836788
971 37.531940870419234 126.88109905202755
972 37.53285456214485 126.88735628189302
973 37.530200855238455 126.89318469680673
974 37.53136526163143 126.90053329621983
975 37.53316865129614 126.90744107730471
976 37.53207472550287 126.90884087298255
977 37.53347366214297 126.91584102129612
978 37.53154226917433 126.92097087064248
979 37.53071513354146 126.92587786206788
980 37.53228274994814 126.93462792828196
981 37.534269761852286 126.93733425849814
982 37.53428724831097 126.94738258861989
983 37.53106588399308 126.95349225511573
984 37.53233364731628 126.95541806075978
985 37.53293144895796 126.96322323647405
986 37.53264483322391 126.9695697214163
987 37.53300639699431 126.97153489367436
988 37.53168656881019 126.98029171821581
989 37.53327043925755 126.98307429937049
990 37.533139827011865 126.98867827358109
991 37.52986676401239 126.99547133069308
992 37.52984828838166 127.00429760079831
993 37.530418018042226 127.01006885170875
994 37.53117203934092 127.01170865881076
995 37.53415946348989 127.02243673997368
996 37.53118267290258 127.02752478413962
997 37.53102307063856 127.03390193397908
998 37.532133168087974 127.03864743537436
999 37.53110984152977 127.04133587075727
1000 37.52981544872271 127.04661245878535
1001 37.53422142673089 127.0561312799493
1002 37.5339576310655 127.06085597216193
1003 37.53391756313229 127.06771416824535
1004 37.53163518814751 127.07316615364205
1005 37.533501054019034 127.07910030443331
1006 37.53160416708069 127.0810602478719
1007 37.52992314073283 127.08703543117365
1008 37.53024398983871 127.09169425866023
1009 37.531427432608574 127.10651999799454
1010 37.5331241751938 127.11337728640743
1011 37.53413020144985 127.11823237028861
1012 37.53382952323926 127.12519257112866
1013 37.53256949394101 127.12895225867625
1014 37.53326678015754 127.13618239240185
1015 37.53040833966647 127.1403936197618
1016 37.53208512901092 127.14460620906023
1017 37.53423534885015 127.1494493935748
1018 37.534915008102026 126.8220716107172
1019 37.53816450473776 126.82301929407116
1020 37.53615500183176 126.83156323771603
1021 37.53870645434728 126.83744334498802
1022 37.53866518711973 126.84139972771048
1023 37.53874736074526 126.84799153341378
1024 37.53628308203332 126.85398120178753
1025 37.53547178728692 126.8588309542319
1026 37.53800146477294 126.86545732048903
1027 37.53841454268701 126.87018626645185
1028 37.538704548271156 126.87941308981239
1029 37.53496448793839 126.8826341965236
1030 37.53874038877427 126.88634724596291
1031 37.53798247686808 126.89585904472958
1032 37.53695907646355 126.8979452384339
1033 37.53491023354475 126.90738332210363
1034 37.53430497774547 126.91298771778045
1035 37.534897510972385 126.91518503510558
1036 37.53638046576865 126.92439781990343
1037 37.53827543750462 126.92565485539215
1038 37.538615807347995 126.94124720664574
1039 37.53438284803673 126.94753883295397
1040 37.53646690974052 126.95390741034801
1041 37.53600963749903 126.95748684900028
1042 37.537032494451786 126.95975826702657
1043 37.53700555002097 126.9699324817837
1044 37.53747179569599 126.97502727989911
1045 37.53552049944485 126.98065195889842
1046 37.53490377173971 126.98585966861394
1047 37.53560795123568 126.99154150711036
1048 37.53669722949402 126.99950247504346
1049 37.53683086371929 127.00484596191276
1050 37.53758914962114 127.00593673844483
1051 37.5375884721879 127.01448538886045
1052 37.53739823978109 127.0204761093874
1053 37.5343895106159 127.03402041173878
1054 37.536452764129756 127.03493450141926
1055 37.537807777882584 127.0428625916144
1056 37.5386358434429 127.04937825457431
1057 37.53480939388673 127.05558990297456
1058 37.53563459797371 127.05892842772816
1059 37.535934406134125 127.06603672307115
1060 37.536630031580785 127.0733493517699
1061 37.53436174895778 127.0763394128662
1062 37.535341696222225 127.08411822867696
1063 37.537920991500265 127.08967221825628
1064 37.535093864962114 127.09694041533224
1065 37.53833279296304 127.09960033781391
1066 37.53475833239004 127.10310292900306
1067 37.53439935868785 127.1115102650568
1068 37.53731459498429 127.11960082249159
1069 37.538663021133324 127.12332461244692
1070 37.53579566807612 127.1297375461199
1071 37.53875100650509 127.13637914197473
1072 37.536094668850076 127.14081632179116
1073 37.53499844144144 127.14614665988796
1074 37.53540204018192 127.1492770680132
1075 37.542866882107106 126.80939760775736
1076 37.54319468638903 126.813464312987
1077 37.53919085967849 126.82212510341665
1078 37.542436626730705 126.82762114567566
1079 37.54090309593696 126.8288777369286
1080 37.54131276921456 126.83615232614623
1081 37.54202445845444 126.8409322627493
1082 37.53932709683279 126.84617850904671
1083 37.54209907920914 126.85300151332736
1084 37.54106616858498 126.86049261383559
1085 37.54266510875763 126.86237402073067
1086 37.54032055879091 126.86981947944604
1087 37.541078813840386 126.8757818779004
1088 37.53928324979026 126.88008339528918
1089 37.54076296253706 126.8908732205384
1090 37.542249540313236 126.8960617093769
1091 37.53899253028627 126.90086862987427
1092 37.54194095323954 126.90263739233555
1093 37.542994868412904 126.91324870279655
1094 37.54261709704976 126.91814261736897
1095 37.54311533747765 126.92033522953358
1096 37.53922575754134 126.92644726577535
1097 37.54124091255064 126.93563275386941
1098 37.54236089899446 126.94056203196992
1099 37.540184054582696 126.94660608287157
1100 37.54064484758849 126.95153693333597
1101 37.54277478439299 126.95859476757843
1102 37.540021968276875 126.96433780490719
1103 37.54036718331536 126.96862280246714
1104 37.54278936854014 126.97266291152548
1105 37.539883342587366 126.9808775805856
1106 37.542112157113635 126.98415499887429
1107 37.54024726491022 126.99131938834961
1108 37.539682254544545 126.99452228957261
1109 37.53915247167228 127.0003709209178
1110 37.540725611863216 127.00704455958926
1111 37.54118297316603 127.01606268160026
1112 37.541120342209844 127.01753116174861
1113 37.542775238077375 127.02324404729237
1114 37.541688440903954 127.02923921733328
1115 37.541201966525 127.03470217356681
1116 37.54330812844105 127.04445437178263
1117 37.54119765226579 127.05080939662173
1118 37.53961751003492 127.05712724724765
1119 37.54074325025094 127.06095576829476
1120 37.53900056094633 127.0663288370382
1121 37.54037206329224 127.0729431229268
1122 37.53894559680766 127.07660896036298
1123 37.54315491052946 127.08132653027626
1124 37.540060040264116 127.09000032013851
1125 37.53925709303966 127.09525191423897
1126 37.53996127102141 127.09768436347072
1127 37.54292540219893 127.10654090467703
1128 37.53960973090997 127.1135830727673
1129 37.5423547689568 127.11634784926348
1130 37.53959541293967 127.12401858495028
1131 37.54187503662617 127.12768922778855
1132 37.54033596586169 127.13523064484713
1133 37.54248677066742 127.14174420258011
1134 37.54151172254059 127.14612958686098
1135 37.54027750019803 127.15306865733488
1136 37.540438773391685 127.15769936927205
1137 37.54362045449443 126.8106396746718
1138 37.547558574367336 126.81446481246147
1139 37.54534386048635 126.82032630198363
1140 37.54342103794848 126.82246235757766
1141 37.54660931622094 126.83362372693132
1142 37.54675330047823 126.83449215053041
1143 37.543520120680014 126.84042440333191
1144 37.544424928219634 126.84573296073432
1145 37.54343826226656 126.85172007909325
1146 37.54599909436963 126.86064108445298
1147 37.54615325603642 126.8625722072057
1148 37.545719699192276 126.86841588016776
1149 37.54753430453087 126.87375774634214
1150 37.54531390197893 126.8825103978981
1151 37.54773970784617 126.88854949071712
1152 37.54332161478143 126.89220245561917
1153 37.543401057651685 126.9004160953392
1154 37.547589776206365 126.90807921352038
1155 37.54659480575497 126.9121329925819
1156 37.54697577633097 126.91725053150248
1157 37.544678404306815 126.92458180587873
1158 37.54385428968499 126.92981478087144
1159 37.547290383939696 126.93253742430898
1160 37.543778229293544 126.94213404764069
1161 37.54521130765408 126.94792167742416
1162 37.543677746956035 126.95149907691479
1163 37.54563262939043 126.95925997946776
1164 37.54588996822519 126.96033063103273
1165 37.54765524786573 126.96692762994155
1166 37.54588517346894 126.97327486531151
1167 37.545114581375316 126.97831214145289
1168 37.544727661898214 126.98519591036052
1169 37.544127898751064 126.98907219503971
1170 37.5434359682634 126.99955098039139
1171 37.543886828507894 127.00275513870854
1172 37.5456410453049 127.00763536731033
1173 37.54519452563014 127.01634015553351
1174 37.545056981692994 127.01941103196572
1175 37.54547183937557 127.02729182645363
1176 37.54490772199111 127.03351784237901
1177 37.54628079980387 127.03534682947065
1178 37.54543889242915 127.04186030984117
1179 37.54431471645208 127.0513408041073
1180 37.54483551366136 127.05307856983758
1181 37.54402786939498 127.06279101556933
1182 37.5438843744477 127.06685462071893
1183 37.54676936924432 127.07397558037141
1184 37.54634377642502 127.07529594485632
1185 37.54373493597017 127.08466046040849
1186 37.544127645710375 127.0886822100028
1187 37.543750294724404 127.0929620757236
1188 37.543817711736295 127.09857913628528
1189 37.54759087233735 127.10513370017715
1190 37.545100819304686 127.11243750584104
1191 37.54343370702807 127.11886783108925
1192 37.54606588660338 127.12177952938444
1193 37.54405697186683 127.13075499724069
1194 37.54485982939574 127.13207062241814
1195 37.54684482307741 127.14027440688214
1196 37.543659170693346 127.14600279545499
1197 37.54713416557977 127.15400173272297
1198 37.54673646106843 127.15721518096963
1199 37.54571945695157 127.16482243989981
1200 37.54646460184989 127.16708607077712
1201 37.547756299938136 127.17544607414375
1202 37.547680788750675 127.18270087417356
1203 37.5483601553026 126.81524271908671
1204 37.55145750340167 126.8204809151679
1205 37.54927202204474 126.82429550262106
1206 37.549889217187165 126.83221280285258
1207 37.54788891154909 126.8377896117158
1208 37.54876077317263 126.84065858084165
1209 37.54907855524885 126.84856080978821
1210 37.552072023077315 126.85166478018532
1211 37.551707814440555 126.86216806213353
1212 37.54826246112366 126.8661208912634
1213 37.548005257220765 126.87043887660745
1214 37.54996431375175 126.87698232048909
1215 37.55223561945195 126.8810918187686
1216 37.55003146803273 126.88534079262378
1217 37.55228278112668 126.89117349217122
1218 37.55199147580515 126.90124014933716
1219 37.55166007680425 126.90699861647008
1220 37.54893207367199 126.91266169708841
1221 37.551530191682644 126.91868101018564
1222 37.55181636561812 126.92151708742387
1223 37.54881465798443 126.92554676795369
1224 37.54813970247503 126.93585350280237
1225 37.55052858944057 126.93793376945428
1226 37.5494862240621 126.94444058358363
1227 37.55205141986223 126.95384962343309
1228 37.551853171088354 126.95602243519915
1229 37.550613695328295 126.96456141198263
1230 37.550512621591956 126.96907633677374
1231 37.548518313107934 126.97650816644051
1232 37.548562906376105 126.98262194653722
1233 37.55126106774485 126.98420572586285
1234 37.55096964508113 126.9911257654827
1235 37.55186344849289 126.99520221334718
1236 37.55094671349363 127.00013525690756
1237 37.54906062537081 127.00954603068928
1238 37.54904946710194 127.01391482310508
1239 37.5488146599893 127.02127301124034
1240 37.55052033359348 127.02319372390734
1241 37.549032194845516 127.02871400625288
1242 37.54801559986265 127.03989798704595
1243 37.55082354051818 127.04362903388086
1244 37.55089990731653 127.04630060205925
1245 37.5506874977074 127.05524713339808
1246 37.54931576853592 127.060602025174
1247 37.550718970871124 127.06740606631828
1248 37.55162851005481 127.06870989247624
1249 37.551581332838445 127.07551352087405
1250 37.55205117396642 127.08565720169308
1251 37.5512892846228 127.08969335848818
1252 37.55133136733467 127.09188426827608
1253 37.548200723335 127.10199849629143
1254 37.549889549035136 127.10724170108263
1255 37.54991188520684 127.1103528497463
1256 37.54826700028243 127.11958966664099
1257 37.54948330643092 127.12381160920671
1258 37.55151312822796 127.12991914227287
1259 37.54978341725262 127.13485791993038
1260 37.55126799851467 127.14161997222992
1261 37.55091818726264 127.14837782550653
1262 37.54980819151837 127.15267571448936
1263 37.550692537194415 127.1546681145555
1264 37.550824850337484 127.163810104636
1265 37.54911981625313 127.17094215328436
1266 37.54911266690879 127.17323543890207
1267 37.54942425763666 127.18321997077557
1268 37.55562735701833 126.80919006017406
1269 37.554542733303755 126.81382775445624
1270 37.555697504787965 126.81686542235738
1271 37.55412310743701 126.82678177097807
1272 37.55636856376964 126.82916456354391
1273 37.554395976231845 126.83611406035047
1274 37.554799745671836 126.84470940969642
1275 37.554270840785385 126.84817195984893
1276 37.556659329092675 126.85274317932392
1277 37.55507208590429 126.85964310060513
1278 37.5552386698739 126.86338716521891
1279 37.55642457366843 126.87271655614703
1280 37.55474158482696 126.87488483881407
1281 37.552775173562836 126.87991150404355
1282 37.55566189661858 126.8933449316862
1283 37.55309337122166 126.89999473184572
1284 37.554549464126765 126.90662311617523
1285 37.55399342063588 126.91084256048563
1286 37.55525821354443 126.9186404407169
1287 37.555740509316735 126.92239711941447
1288 37.55589343645552 126.92750486129609
1289 37.55681977159682 126.93161305105279
1290 37.55537550183929 126.9415019828323
1291 37.554377662575234 126.94528074260367
1292 37.55651090777667 126.95203459279963
1293 37.554104740598056 126.95875469508084
1294 37.55590150499441 126.96068106279533
1295 37.553276245103724 126.96818799192928
1296 37.55284608632971 126.97536372946699
1297 37.55381427999192 126.97868637280315
1298 37.55292193439266 126.98427929797877
1299 37.55495711073011 126.99325646496297
1300 37.55531074661924 126.99513419403239
1301 37.552463494039664 127.00158600710604
1302 37.55406868848881 127.00693975360477
1303 37.556004728089455 127.01608084918063
1304 37.55533266528534 127.02197984983111
1305 37.55492336280691 127.02559916260435
1306 37.552694203182796 127.03022786982844
1307 37.55429230983246 127.03446596453176
1308 37.5556054285623 127.04448048098708
1309 37.555267810276725 127.04985542859409
1310 37.55402426120551 127.05518461817307
1311 37.55550646864324 127.06151000104636
1312 37.55638208804992 127.06310833605701
1313 37.55524264794125 127.07430939226774
1314 37.553853056225776 127.07877465603943
1315 37.55307592612507 127.08034531506574
1316 37.55322843093117 127.0874638092012
1317 37.55585906290729 127.09535210055627
1318 37.55268583962314 127.09957389552295
1319 37.55297893297562 127.10830649393363
1320 37.55354093956518 127.11169056447065
1321 37.55615611458309 127.1244202551162
1322 37.554515476477874 127.1303182019843
1323 37.55385309524648 127.13738363681526
1324 37.553566348416254 127.14253747813981
1325 37.55323643922724 127.1487894991491
1326 37.556374904119906 127.15399941832031
1327 37.5537247821317 127.15605356418742
1328 37.55657917063644 127.16199064897252
1329 37.5558127531294 127.1686261403104
1330 37.55523917378229 127.17377370541338
1331 37.5529451392935 127.18080204456544
1332 37.55944047445384 126.8049625838788
1333 37.55727957597182 126.80958891181837
1334 37.55906861851321 126.81328080094977
1335 37.55726941053485 126.82151461946745
1336 37.558832921081155 126.827852034726
1337 37.55865378880394 126.83325597692912
1338 37.55876036281285 126.83840785195608
1339 37.557095865261736 126.84367993861127
1340 37.55685337537396 126.84559821918265
1341 37.55753703754862 126.85326425330818
1342 37.559705553393734 126.85841364646126
1343 37.559511192005864 126.86410649296816
1344 37.55819068264886 126.8706862637027
1345 37.56028043575734 126.8889309393487
1346 37.55755614682844 126.89435596409741
1347 37.5579905469494 126.9010717017899
1348 37.55945334744673 126.90404753086416
1349 37.55942863100543 126.91050613189914
1350 37.5609481238338 126.91463855342354
1351 37.559182501109525 126.92323120450925
1352 37.56001345943119 126.93008626674671
1353 37.560454469143714 126.93416624074044
1354 37.55860747015396 126.94086990969944
1355 37.55963505071034 126.94553630959038
1356 37.561222938747335 126.94987924988911
1357 37.55774565341836 126.95936617548755
1358 37.559720688024086 126.96246441691662
1359 37.55879129877976 126.9692546209841
1360 37.55965289272864 126.97222120033301
1361 37.55818218563738 126.98131437115757
1362 37.55716521188461 126.9830650598901
1363 37.558807080380674 126.99054109739923
1364 37.56036991586156 126.99677203706344
1365 37.55855161636573 127.00037219414824
1366 37.56054988062989 127.00590434765819
1367 37.55813710971394 127.011592763073
1368 37.560661274877106 127.01936993587351
1369 37.55928098218885 127.02377666338525
1370 37.55842838067535 127.03251734475603
1371 37.55831106012579 127.03719969977058
1372 37.55745361918293 127.04447742185585
1373 37.55720875948525 127.04984941876239
1374 37.55938921097646 127.05674388812047
1375 37.55720454854251 127.05847153594239
1376 37.557422440860016 127.06761113132772
1377 37.56017521144807 127.07312729770824
1378 37.557405047654946 127.07873286778756
1379 37.55804801274627 127.08142699540683
1380 37.55687529851062 127.0872562524838
1381 37.55774393502734 127.09438082303961
1382 37.559734181557886 127.10156844598468
1383 37.55788360725851 127.10862263619053
1384 37.558170725524846 127.11071297895664
1385 37.557029698494674 127.12580940337469
1386 37.557938895431064 127.12889080116116
1387 37.55983909792336 127.13739641264871
1388 37.55784061491199 127.14083025395885
1389 37.559232230314244 127.14519260457749
1390 37.56099543028426 127.15361898387887
1391 37.559830553454404 127.15955650912355
1392 37.55881265206667 127.16171747495207
1393 37.55731591344831 127.1680124013144
1394 37.55735686710215 127.175348451266
1395 37.558473697014705 127.18033129505868
1396 37.56585298647073 126.79224113148152
1397 37.56192831833225 126.79706772017632
1398 37.561759416657026 126.79976139248042
1399 37.56161032230448 126.80705351079224
1400 37.56339932207614 126.81419682990196
1401 37.56531469411912 126.81659078347164
1402 37.56253952619967 126.82416654870376
1403 37.56160766737883 126.82998980619581
1404 37.56283182431981 126.83877304964203
1405 37.564665443830364 126.84240874218888
1406 37.56301152076405 126.8461165072835
1407 37.563009478985066 126.8561727403679
1408 37.564785327461514 126.85931366877037
1409 37.563320159490324 126.86304540687385
1410 37.56468940657855 126.87841357977973
1411 37.56463516689677 126.88170374400691
1412 37.56365858934472 126.89094422665514
1413 37.56239986191785 126.89175647477103
1414 37.563977907265624 126.89806031529031
1415 37.56200733536745 126.90289653101816
1416 37.56433606654704 126.90826703730548
1417 37.56378873633907 126.91921249949202
1418 37.562871619266595 126.92399416597422
1419 37.56554255952746 126.92641171041753
1420 37.56580399964366 126.93205760957665
1421 37.56245981264355 126.93782828130864
1422 37.56462748307975 126.94445426079189
1423 37.56373635185227 126.95198017972746
1424 37.56239261769484 126.95698547364263
1425 37.5626896120841 126.96207726564775
1426 37.564548954071725 126.96825665424103
1427 37.562285300596535 126.9761855591449
1428 37.56520134038843 126.9771912713295
1429 37.56365122482678 126.9865650814552
1430 37.56445366330886 126.9934099277414
1431 37.56417023363182 126.99753598927533
1432 37.56368092929309 127.00469044251282
1433 37.56207937162495 127.01058201050412
1434 37.563767386402354 127.01466995412343
1435 37.56504405910361 127.0184771553852
1436 37.563597572713654 127.0267783442717
1437 37.56374111869158 127.02980803256757
1438 37.562922428586 127.03621696358239
1439 37.56537343347618 127.04169550391082
1440 37.56305267484638 127.04856178060682
1441 37.56567609137027 127.05341105380472
1442 37.56276374483279 127.05814356132497
1443 37.564908869430546 127.06421560805431
1444 37.56484310428593 127.07273411611895
1445 37.564452412265794 127.07895862689189
1446 37.565130626193636 127.08387597729462
1447 37.56145049549137 127.08732704910572
1448 37.56576850959185 127.09557207601391
1449 37.56533274002826 127.09731874398356
1450 37.56354640062599 127.13161212743354
1451 37.5636942318724 127.1336407802499
1452 37.56258564176683 127.13810346843968
1453 37.563935295842995 127.14567781585987
1454 37.56442602722621 127.15017121664862
1455 37.562251006652986 127.15615693767573
1456 37.56281923254206 127.161107705615
1457 37.56411157379901 127.17123803112504
1458 37.561727411002686 127.1766616599457
1459 37.56142426235922 127.18046723318814
1460 37.567187655117884 126.78739527946593
1461 37.56946447268076 126.78972331919357
1462 37.56935306261028 126.7938791635531
1463 37.56877218835134 126.80446990779345
1464 37.566293429581805 126.80658410049597
1465 37.56821104745386 126.81089835452579
1466 37.56738994723343 126.81877762295099
1467 37.56620129932331 126.8223939251144
1468 37.56803508314592 126.82968489583487
1469 37.56634746142209 126.83664014904349
1470 37.56752174427246 126.84026326652841
1471 37.5700453626553 126.84984722430997
1472 37.565886905952425 126.85262214798112
1473 37.56987161413736 126.86139261875694
1474 37.56982933715297 126.87336231656973
1475 37.56743373088617 126.87777299465635
1476 37.569443719874975 126.88289119396565
1477 37.56647712383678 126.88749121188262
1478 37.57006623972341 126.89267100865126
1479 37.56610326899504 126.89917
1480 37.566213361538416 126.90556208839662
1481 37.56964478647986 126.9091387749626
1482 37.566818848479365 126.91753559341178
1483 37.56966256979488 126.92504503179862
1484 37.570340500228355 126.92754055585016
1485 37.568677146274034 126.93242018449489
1486 37.57013010627261 126.93949931414944
1487 37.56656955057694 126.94618686005178
1488 37.567871212369866 126.95118672825062
1489 37.56857674612074 126.9594815729833
1490 37.56756942652932 126.96286462338585
1491 37.56917587500602 126.97036903384341
1492 37.566718791086224 126.97342152026087
1493 37.57020738859811 126.97788310030664
1494 37.56609266243591 126.98405770734641
1495 37.56971287877372 126.99333001596862
1496 37.56869346281098 126.99721320492648
1497 37.567139889770246 127.00225019556127
1498 37.56851373977792 127.01102350430678
1499 37.566857774762035 127.01247891350145
1500 37.56619244519822 127.02046826385659
1501 37.56891425083074 127.0229281091826
1502 37.56698344795062 127.03234547149471
1503 37.56979771863119 127.03948756761962
1504 37.56752724776278 127.04270498622293
1505 37.56824803403402 127.05106510004926
1506 37.57019737887626 127.05229342129581
1507 37.56849337252445 127.05834633656659
1508 37.56855890882565 127.06682178832958
1509 37.5688753614716 127.07049739887992
1510 37.56783480282665 127.07539349771496
1511 37.56895710609399 127.0836535975987
1512 37.56718672698356 127.08631493061466
1513 37.56878651710299 127.09347236488722
1514 37.56885544788046 127.10078392751954
1515 37.566579283899465 127.13569316141043
1516 37.56682580818041 127.14182182887828
1517 37.566633821288754 127.14426722028337
1518 37.56777774425302 127.15305193030423
1519 37.569098735841905 127.1559755790447
1520 37.567691710179936 127.16247704454014
1521 37.566321899089665 127.17176169383998
1522 37.568301926972666 127.17628798498005
1523 37.56700484388542 127.17816811361533
1524 37.57363501221497 126.78361073504229
1525 37.57359444468662 126.7935105046587
1526 37.57235897905542 126.79696253448468
1527 37.570790880935824 126.8038989749051
1528 37.57195739720792 126.80533339494536
1529 37.57086707903336 126.8119441877098
1530 37.57239586898428 126.8165798468157
1531 37.57323024556687 126.822408076729
1532 37.57259860757898 126.83189916050193
1533 37.571043559568665 126.83443812509533
1534 37.57272963721238 126.84247061959525
1535 37.57285499825771 126.84663204140165
1536 37.57069218573993 126.86198411936694
1537 37.573722575162805 126.86797908456606
1538 37.57314685452542 126.8729136696673
1539 37.57437438677486 126.8781163689691
1540 37.572760263833594 126.88323810299748
1541 37.57487125387207 126.88524545834075
1542 37.57049293208189 126.89577036836842
1543 37.572002227057936 126.90163631096372
1544 37.57342668467815 126.90700474321294
1545 37.57088828681662 126.90852903263647
1546 37.57041467900282 126.91752897516837
1547 37.57070982996765 126.92174355497073
1548 37.570513059250985 126.93002261284933
1549 37.57304745740698 126.93495014273054
1550 37.573247789143664 126.93820397243293
1551 37.57470744852394 126.94740735003316
1552 37.574157547201835 126.95144105900468
1553 37.571268728666745 126.95702671262657
1554 37.572305452949415 126.96040521931643
1555 37.57442056122204 126.97013523258377
1556 37.5719070116115 126.97377588648708
1557 37.572340969889794 126.97923156749383
1558 37.57258999452127 126.98763677327585
1559 37.571697074668876 126.98914242528055
1560 37.574840270574256 126.99850406401434
1561 37.57392232047097 127.00359352666024
1562 37.57113285056936 127.00604017944339
1563 37.57300290518551 127.01530435804635
1564 37.57384133815176 127.0204893818298
1565 37.57440716175957 127.0258273554824
1566 37.57210798196613 127.0292523986189
1567 37.574374892694905 127.03504361445376
1568 37.57335094558808 127.04214536487328
1569 37.57312257045163 127.04965616568603
1570 37.57417218516289 127.0530459762885
1571 37.57137330967166 127.05821424669347
1572 37.57287333374643 127.06700478338733
1573 37.5733705442311 127.06896127069118
1574 37.570607734096534 127.07903897739004
1575 37.57367334543344 127.08159131187304
1576 37.57046972977196 127.0894162231564
1577 37.57061512636809 127.0957063561006
1578 37.57229872579929 127.10251631339713
1579 37.57201362826198 127.10353638062489
1580 37.570429220174084 127.15900262146084
1581 37.57311759413924 127.16557164215014
1582 37.57398764193974 127.16942069324769
1583 37.57156174699517 127.17181327872939
1584 37.57578951962472 126.7913452230948
1585 37.57816603307485 126.79547486970174
1586 37.57610353350988 126.80259834468663
1587 37.57529336708046 126.80917632563155
1588 37.57707601535443 126.81628602189677
1589 37.57703509911127 126.8194507566162
1590 37.57639282991496 126.83754428869965
1591 37.57523441658304 126.83990081665208
1592 37.575186444182364 126.86669392593997
1593 37.57692089637936 126.87195707550362
1594 37.578736068478456 126.87577305677148
1595 37.575556488518245 126.88406597850387
1596 37.57594564029267 126.8901545705927
1597 37.57786838636422 126.89254946907872
1598 37.57938876064493 126.90174289602504
1599 37.57729422255377 126.90697403304641
1600 37.577628123587516 126.91034136934641
1601 37.57888911661545 126.91761905860052
1602 37.57858548817512 126.924631637076
1603 37.57604127008833 126.92564126718884
1604 37.57584337365155 126.93359954724285
1605 37.57612517582805 126.94211892652972
1606 37.57702313100791 126.94655547970103
1607 37.57724502150986 126.95315879705785
1608 37.579081960277044 126.95887166335514
1609 37.575653747790135 126.96174375023581
1610 37.57669295803311 126.96901485780168
1611 37.57639354026249 126.9717048273232
1612 37.5778242243333 126.98075656339081
1613 37.5772242335809 126.98398660490427
1614 37.57661340646189 126.99097681265778
1615 37.57514339114 126.99669683708233
1616 37.57890713846746 127.00177968741954
1617 37.57683306970095 127.00562013603403
1618 37.57711499512163 127.01298888169741
1619 37.57645277543803 127.02274679616826
1620 37.57568350826233 127.02376974482688
1621 37.578982780090236 127.03191752117628
1622 37.57855038876331 127.03982879214404
1623 37.57514204027874 127.04261085599654
1624 37.57678512877871 127.04587251141993
1625 37.57802798112413 127.05535566319033
1626 37.57514010785103 127.05897066717715
1627 37.577752397058866 127.06813072574255
1628 37.57626764039063 127.06958274323203
1629 37.57780163078196 127.07630850425869
1630 37.578638631776165 127.08143945775251
1631 37.57929636862249 127.08959026103562
1632 37.578158867136544 127.09189647698292
1633 37.57501273203677 127.16477285219456
1634 37.57644835422472 127.17066943043393
1635 37.57738519974511 127.17361524257615
1636 37.58028701402159 126.79341598391127
1637 37.5826234219768 126.79846466935362
1638 37.58024078862429 126.80032895497352
1639 37.58017783048284 126.8058495715058
1640 37.58004178132231 126.81147475686586
1641 37.58138295747203 126.81971512341248
1642 37.582252521972194 126.82365594684444
1643 37.58172219144518 126.87907299004806
1644 37.58331292501218 126.88504196239725
1645 37.58257937136772 126.88595710066086
1646 37.581077333178754 126.89229393248665
1647 37.5826068363611 126.90213546003908
1648 37.57996216070185 126.9075604440786
1649 37.58320879673886 126.91258668324906
1650 37.58225674265473 126.91437001983275
1651 37.582453190061855 126.92161741728778
1652 37.581161843052854 126.92631537647043
1653 37.57985987242211 126.93574896775544
1654 37.583401406626514 126.93933448702498
1655 37.5837876959064 126.94751039867018
1656 37.58015797684391 126.95028162702339
1657 37.58226707610854 126.95774509187267
1658 37.580515468352424 126.96534863639016
1659 37.583694315986754 126.96876983521254
1660 37.58359834419327 126.97550266242551
1661 37.5818774377736 126.98049687813659
1662 37.57941972040754 126.98360062542056
1663 37.580390224784814 126.9887308124669
1664 37.579755477451535 126.99504716225289
1665 37.58174867048541 127.00189611621369
1666 37.58352484219701 127.01053703535719
1667 37.58021968190816 127.0126810484877
1668 37.57993369268106 127.02166030264549
1669 37.58343609341657 127.02536357744532
1670 37.58085606469315 127.03126322461969
1671 37.582027599862705 127.03494236849846
1672 37.579520287775104 127.04517433314011
1673 37.58377529861782 127.05138145598202
1674 37.581114435081545 127.05527094600073
1675 37.58375859574989 127.05846667720533
1676 37.58233717947252 127.06834786229416
1677 37.5804524133623 127.07315644994253
1678 37.57975330322328 127.07863867668343
1679 37.580223214096094 127.0802134253623
1680 37.579596779095134 127.09053748973466
1681 37.5836294528839 127.09454286041314
1682 37.58084791627981 127.10284952901038
1683 37.583187820498885 127.1046403350816
1684 37.58428464840633 126.79829840387168
1685 37.58402029796228 126.80303897073735
1686 37.58676663605535 126.8093831008446
1687 37.58542630194956 126.81087792948131
1688 37.58472622577179 126.82024097559338
1689 37.58525643748645 126.87889660329508
1690 37.58510465359017 126.88461056489076
1691 37.587205583589544 126.88840093442745
1692 37.58622690660381 126.89524252124545
1693 37.585046081496806 126.89679800988834
1694 37.583947710653 126.90774694997307
1695 37.58681017487315 126.9134646908489
1696 37.5862486375549 126.91761516826757
1697 37.586865686106705 126.92506525308376
1698 37.58505367805065 126.92588893193398
1699 37.58464012209405 126.93475310357843
1700 37.58586562296633 126.94110840629217
1701 37.587353893742915 126.94381393620523
1702 37.586169875369634 126.95024499096085
1703 37.58435692794148 126.95800745114114
1704 37.585566813547274 126.96276903184776
1705 37.58390629829198 126.9684093224249
1706 37.587642274510635 126.973181176271
1707 37.58766476958502 126.98118048072367
1708 37.5875888537137 126.98348010526546
1709 37.587406495930125 126.9908773857413
1710 37.588063996511245 126.99743892881071
1711 37.58632105892531 127.00142732207338
1712 37.587203136813265 127.0086108810579
1713 37.58708675588998 127.01643701084171
1714 37.58554150516161 127.01758819740915
1715 37.58628342346168 127.02479474624936
1716 37.584919660586706 127.03153647641408
1717 37.5878014534633 127.03954235799523
1718 37.585732962763984 127.04200104746626
1719 37.586700878896025 127.04700675112534
1720 37.58623137886465 127.05378824251427
1721 37.58648224970745 127.05821859574617
1722 37.58447176188033 127.06632480199475
1723 37.586733548805036 127.07434046148792
1724 37.586656446021095 127.0792094257685
1725 37.58477015287124 127.08070852721353
1726 37.58443298492926 127.09063830885958
1727 37.58487063347861 127.09191902705811
1728 37.58786268060921 127.10040117019534
1729 37.58483882475588 127.10828494432064
1730 37.58584572210246 127.10936046903153
1731 37.59272801049196 126.80062553359558
1732 37.59178242254603 126.80530870601181
1733 37.59197558242706 126.88380516515552
1734 37.589626514434634 126.88576639573189
1735 37.59282366783715 126.90163423186601
1736 37.591564860288116 126.90374712927112
1737 37.58864743431438 126.90919368893334
1738 37.590328915778514 126.91463543850506
1739 37.58912163385698 126.92083261248978
1740 37.588688915756684 126.93646323737907
1741 37.59142743658945 126.94149805618613
1742 37.5927747652799 126.94267191648258
1743 37.58885991911397 126.9487204769418
1744 37.59195934882044 126.95806709882505
1745 37.58966981455082 126.96362651764734
1746 37.59108620583049 126.96592375804684
1747 37.58941540851792 126.97184596132108
1748 37.59035318140824 126.98197220002035
1749 37.590132257945676 126.98363101154574
1750 37.59252115900187 126.99391146022775
1751 37.59271764097223 126.99644674159772
1752 37.58881001940686 127.00034767071271
1753 37.58929602238685 127.00774972675433
1754 37.5918658582343 127.01442995573667
1755 37.591124125018155 127.01779821742542
1756 37.592033285594674 127.02592133474099
1757 37.59201660745698 127.03213664422299
1758 37.590463453002954 127.03896139484556
1759 37.58885116102558 127.04101251397388
1760 37.591673004455146 127.04627038559109
1761 37.591713243640825 127.0549672225498
1762 37.589313008285494 127.06277637626386
1763 37.59289377851734 127.06343146366697
1764 37.589265803700975 127.07184321792802
1765 37.588913477798016 127.07822252533744
1766 37.592060822265545 127.08292060899126
1767 37.59055517465868 127.08949627738187
1768 37.59150934082809 127.09271376681133
1769 37.591065493863724 127.10000741039515
1770 37.58957722117116 127.10314497827653
1771 37.59252125314797 127.10936615485954
1772 37.59648539035405 126.7984785109849
1773 37.594540687859585 126.79969148350192
1774 37.59356498672261 126.88505963440646
1775 37.59314483267056 126.8853077481365
1776 37.592923021552565 126.90132670136724
1777 37.59582230465493 126.9066713038587
1778 37.59638778091628 126.91173103492811
1779 37.595215092078504 126.91598934186041
1780 37.59524577899158 126.9227946083281
1781 37.59468293598016 126.925607117045
1782 37.594116492414095 126.93377719890387
1783 37.59321462093289 126.94061646283583
1784 37.593299916912564 126.94585104988136
1785 37.59724502338383 126.94904755014028
1786 37.59601679408179 126.95962179004835
1787 37.59680707441033 126.9614836128477
1788 37.59458971633295 126.96944057395996
1789 37.596425242137144 126.97242622291505
1790 37.59345465087252 126.98224240094505
1791 37.595631271271934 126.98695735212617
1792 37.59364413721215 126.9890765973421
1793 37.59492061093239 126.99608983774547
1794 37.59496501030678 127.0018623072598
1795 37.596399908911486 127.00947407964384
1796 37.5929176146796 127.01649147501831
1797 37.59649214209516 127.02107813873668
1798 37.59482027500516 127.02644034017499
1799 37.597135063949125 127.03369384351198
1800 37.596815714717906 127.0371950673307
1801 37.59621827421225 127.04059155825232
1802 37.594879803619264 127.04597101396455
1803 37.59533941749434 127.0521577772324
1804 37.59663547568926 127.05731206853362
1805 37.59642510535237 127.06594792280742
1806 37.593091480213296 127.07268579984677
1807 37.59680192799438 127.07817953953732
1808 37.59602317566715 127.08020024974385
1809 37.59413043092682 127.09034245066499
1810 37.59571406955727 127.09371632036742
1811 37.592974144334924 127.097930480469
1812 37.596307697909054 127.10363442218448
1813 37.59525111935022 127.11106402127561
1814 37.59811038647968 126.79747379114202
1815 37.59811167922683 126.90778548529597
1816 37.59973851185177 126.91024493551623
1817 37.599230282376716 126.91858030881066
1818 37.5997746926254 126.92503163413932
1819 37.59980722783525 126.92584977386618
1820 37.601908680095704 126.93287387989483
1821 37.59905949521077 126.9378722504611
1822 37.59906544378927 126.94442275152613
1823 37.5987809203299 126.94913475809422
1824 37.59889801497537 126.95688157103943
1825 37.60028145892094 126.96137643990986
1826 37.59793822803427 126.97029179411003
1827 37.59987186030207 126.97274375834624
1828 37.60137446660997 126.98067658858996
1829 37.59784875364984 126.98796988407233
1830 37.59806685824353 126.99208382072511
1831 37.59796110146044 126.99939429317453
1832 37.599712394642836 127.00374776578067
1833 37.600301994728056 127.00775865509654
1834 37.60164196582145 127.01406794446302
1835 37.59943296379858 127.02255177001295
1836 37.601760508759426 127.02586025174581
1837 37.598412460117224 127.02935382967097
1838 37.59921566063646 127.03981929237472
1839 37.60055630129553 127.04023647031526
1840 37.60037070772773 127.04630392576308
1841 37.5991677387329 127.05149734627597
1842 37.598247731331526 127.05898081146697
1843 37.601615325111766 127.06830464716211
1844 37.59989376137641 127.06991161226513
1845 37.5992307931417 127.0764244798229
1846 37.600656788849484 127.08388631489782
1847 37.601235109727256 127.08656005571417
1848 37.60027545078171 127.09167043962371
1849 37.59946215446785 127.09965633902746
1850 37.6010452405891 127.10828172655302
1851 37.600451095290204 127.11227072313226
1852 37.601535862305056 127.11468498889349
1853 37.60390537742859 126.90445373653066
1854 37.602186450982906 126.90965827650884
1855 37.606063010271676 126.915086745053
1856 37.60253019283411 126.92388226670823
1857 37.60548178071724 126.93035673410154
1858 37.6039429946298 126.93437348044216
1859 37.60481016024952 126.9379513775115
1860 37.60388482871268 126.94706641883701
1861 37.60514237267333 126.94986229098967
1862 37.60419880811985 126.9596731956524
1863 37.60629769999673 126.96471689755585
1864 37.605088653468954 126.96635790675025
1865 37.60563109639235 126.97183237700932
1866 37.602106679655805 126.98207511571438
1867 37.604698644512325 126.98392731041145
1868 37.603584702409435 126.99242623057384
1869 37.606010221931605 126.99664197545275
1870 37.602070493264115 127.00406989288336
1871 37.602479121833014 127.00665775862952
1872 37.60248980854961 127.01147494842071
1873 37.60364074459925 127.01790709092911
1874 37.60501085972792 127.02842086066326
1875 37.6056088123565 127.03290854018562
1876 37.60472290327734 127.03739411097926
1877 37.60533638028694 127.04304525355093
1878 37.60627438343478 127.0480487857656
1879 37.60612301881636 127.05645794233189
1880 37.602589991232314 127.06062751443204
1881 37.60301000007968 127.06471973598572
1882 37.60376342620008 127.07123963044262
1883 37.60261433457371 127.07584816880474
1884 37.606181668445174 127.08138826425484
1885 37.604931032519445 127.08890703687756
1886 37.60350711525173 127.09392252722314
1887 37.60270431830158 127.10134181415904
1888 37.60605488846117 127.10691626873249
1889 37.6055691147536 127.11240314785861
1890 37.60278616024908 127.11516232982116
1891 37.60946047501614 126.90644774873101
1892 37.60751353975272 126.91244878457651
1893 37.60948709917251 126.91759452190144
1894 37.60943680416982 126.91984308648216
1895 37.610517457745146 126.92723195013637
1896 37.6098403883388 126.93329889474315
1897 37.60970821474867 126.93912184256533
1898 37.606582046576264 126.94623128639977
1899 37.609722639194054 126.94969519963696
1900 37.61093768609769 126.9577096502573
1901 37.61020586713857 126.96421126160236
1902 37.609835729461565 126.96695100884105
1903 37.60970072548914 126.97480250237243
1904 37.61077011700076 126.97752270843274
1905 37.60710577694749 126.98661507567286
1906 37.610933004756795 126.99272611776134
1907 37.60899338491267 126.99619625589928
1908 37.60812352655355 127.00109548507092
1909 37.607445251924425 127.00934155775067
1910 37.60856331123275 127.01184617978379
1911 37.609436274173696 127.02250792726973
1912 37.606808220629034 127.02738261605595
1913 37.6088455145569 127.03331154545452
1914 37.608169218822 127.03469694010963
1915 37.60730798233192 127.04391353860404
1916 37.6085957030843 127.05109184668244
1917 37.609621091949634 127.05583752814654
1918 37.60965795206076 127.05894168805361
1919 37.606598006774405 127.06733418765077
1920 37.61055117812982 127.0743285048112
1921 37.609812756709324 127.0770043329412
1922 37.61036454013659 127.0805046706743
1923 37.60867432722196 127.08943569661201
1924 37.609284202368144 127.09687223712848
1925 37.60824737004673 127.09743882768285
1926 37.60936726956879 127.10668432132518
1927 37.607160156590886 127.11150837319491
1928 37.610769049749194 127.11674471757169
1929 37.614233757139125 126.90767904699717
1930 37.61335804979572 126.90824232204474
1931 37.614333568485975 126.91847938305928
1932 37.61208239721434 126.92459527443077
1933 37.61309334005874 126.92665626724013
1934 37.6115670844734 126.93177976371713
1935 37.61236706479079 126.93738586362582
1936 37.611939772406146 126.94352623592893
1937 37.61221718656283 126.94866705499514
1938 37.612531731706085 126.95883016200791
1939 37.61095410265089 126.96382746588313
1940 37.6117789962843 126.96791057470043
1941 37.611619587488164 126.97489477208461
1942 37.61274380768624 126.97782727218184
1943 37.61331161257815 126.98284291190846
1944 37.611650100372344 126.99236544443552
1945 37.61102506641411 126.99926456613957
1946 37.611322010885395 127.00073303352796
1947 37.61127162342303 127.00872029819013
1948 37.61174387925892 127.01139692635876
1949 37.61318162764757 127.01990076113154
1950 37.61217874405807 127.0259421215846
1951 37.61512318829412 127.02869811200095
1952 37.611241412244645 127.03565802639295
1953 37.61313840522908 127.04097942303106
1954 37.61317053380539 127.04730855320774
1955 37.614285884738344 127.05190711609518
1956 37.61297286688185 127.06087590127122
1957 37.61512331233839 127.06773166473778
1958 37.61362297047317 127.07294011041111
1959 37.611366051947655 127.07567982121171
1960 37.613532820785366 127.0803954338948
1961 37.613109851555045 127.08878326613096
1962 37.61344962395757 127.09621116839908
1963 37.61477196987605 127.10162043948903
1964 37.61298990315918 127.1057564018192
1965 37.612343506877664 127.11048063872225
1966 37.611069156017216 127.1162754492676
1967 37.61731072999216 126.9075557131032
1968 37.618739981095885 126.91023002553145
1969 37.61887511429194 126.91921440183033
1970 37.61863011150901 126.9206830712527
1971 37.618845796917256 126.92723614855726
1972 37.616462987825166 126.93501176026771
1973 37.61547870347065 126.93693327294133
1974 37.616447548506834 126.94292070252986
1975 37.61934050440879 126.9539636776596
1976 37.61546832966014 126.9543386094045
1977 37.616314938060164 126.96162778124078
1978 37.61978753990512 126.9665531033773
1979 37.617741128114645 126.97571537690091
1980 37.61611088442684 126.97812102818632
1981 37.61971021683812 126.98602040208547
1982 37.618477302963065 126.99970785511421
1983 37.61955481304739 127.00417792554259
1984 37.61912533053255 127.0073708912077
1985 37.617549342858865 127.01692812811392
1986 37.61753467797279 127.01736948596366
1987 37.61561973964801 127.02598713636182
1988 37.615859720651 127.03413426005629
1989 37.61573606414572 127.0372291969229
1990 37.61712403936941 127.04480760808715
1991 37.61667192675041 127.04883827502597
1992 37.61714972978537 127.051644043527
1993 37.61939647746578 127.05799751616331
1994 37.61579902062644 127.06567632684961
1995 37.61906893091134 127.07352860346717
1996 37.61873316223379 127.07714097830743
1997 37.61941177545213 127.0818664226741
1998 37.61847109711702 127.08620460770003
1999 37.61700106528922 127.09571753731191
2000 37.6167317151084 127.10301150761615
2001 37.618846715835474 127.10593743483754
2002 37.6161411849127 127.1121404025456
2003 37.617669183124356 127.11681168262119
2004 37.622624445580264 126.91321972540078
2005 37.62155974612576 126.9163199985458
2006 37.622482888833225 126.92000846400198
2007 37.62179798983272 126.92868450645665
2008 37.622514959807305 126.93313447866058
2009 37.62142163151863 126.93961589856036
2010 37.62418487033616 126.94578169672481
2011 37.6222337088745 126.94847729776393
2012 37.62273875695151 126.95856488014267
2013 37.620974940467406 126.96415848569286
2014 37.620732034163446 126.96762812906115
2015 37.6234111156452 126.97141199061373
2016 37.62100750784485 126.98177479904903
2017 37.62004237312998 126.9853084274264
2018 37.621445347073255 126.99336877912017
2019 37.62320393187507 126.9943307834321
2020 37.62240196635916 127.00311550505887
2021 37.62021314314208 127.01005148275854
2022 37.621947531985754 127.0154805810165
2023 37.62198723013847 127.02188532412912
2024 37.619969980147594 127.0235930604086
2025 37.620882848615814 127.02871157689535
2026 37.620595932630884 127.03813292000842
2027 37.620878782093875 127.0432100562284
2028 37.62197282518298 127.04883052844029
2029 37.62297038028615 127.0534405703322
2030 37.62134745084333 127.06063374786865
2031 37.62274606079625 127.0673764330927
2032 37.62325258884846 127.07085469804987
2033 37.62336153621494 127.07535518503538
2034 37.62014905994422 127.08039735934443
2035 37.6214366786287 127.08704188865337
2036 37.62423120149913 127.09439093696807
2037 37.620911746627314 127.10147421187867
2038 37.62173688759483 127.1034924839001
2039 37.62590411685535 126.912373591583
2040 37.62816647196885 126.91607507965722
2041 37.625696758229196 126.92384202039712
2042 37.62716400344217 126.92922250110308
2043 37.62785955659441 126.93499978624486
2044 37.626531027461176 126.9389978510788
2045 37.62553763095026 126.94538528974961
2046 37.625141616179086 126.951617154769
2047 37.62852465496619 126.95455517070583
2048 37.6246565967471 126.96157177228788
2049 37.627226690360025 126.97038749606958
2050 37.625192433167896 126.97257717520549
2051 37.62604553757992 126.97890868928289
2052 37.62803321509206 126.98317254239619
2053 37.62526816737959 126.99005153508966
2054 37.62796066411513 126.99783133021187
2055 37.62504214506069 127.00293742706572
2056 37.62731693374962 127.00852215637215
2057 37.62737558121143 127.01445427738604
2058 37.627360802456295 127.01905783962876
2059 37.62511018708603 127.02469366060159
2060 37.62542778850791 127.02988841828991
2061 37.62707513015171 127.03424964593111
2062 37.62777794813735 127.04412929088919
2063 37.62689316097821 127.05079163430963
2064 37.628614813978324 127.05528732726361
2065 37.62824771117612 127.06192509232233
2066 37.6288634585627 127.06554316098196
2067 37.62477029216275 127.07111048196349
2068 37.627378910429165 127.07728918271398
2069 37.62538764449057 127.08063603958593
2070 37.62684891896124 127.08641703159172
2071 37.627535715498524 127.09596321854406
2072 37.62871061447532 127.10003176367839
2073 37.62743253333025 127.10461552600131
2074 37.62965000944506 126.91381762386006
2075 37.62921074157132 126.9156810800134
2076 37.63059974980484 126.92013621087027
2077 37.62994731447892 126.93045401625109
2078 37.63334450905302 126.93425611278855
2079 37.63277646865407 126.9378710271602
2080 37.632399195129814 126.94598187200515
2081 37.63199833641681 126.95314243084182
2082 37.63295737624317 126.95785608524488
2083 37.63239864331158 126.96450915471272
2084 37.63158813977903 126.96910759139729
2085 37.631126576117445 126.97393786045204
2086 37.63307123682547 126.9773071830867
2087 37.62908925178521 126.98706553169683
2088 37.633087548766994 126.98943471170371
2089 37.63003331368625 126.9966129755266
2090 37.62929028431945 127.00269492218824
2091 37.63098283660821 127.01089786735076
2092 37.63277829284182 127.01206286746094
2093 37.62996724215052 127.01876252931272
2094 37.62904237867083 127.02380074778003
2095 37.628992910263705 127.03077955787022
2096 37.63328199349942 127.03953045835081
2097 37.62966775458207 127.0404745488585
2098 37.62946007228927 127.04638771663068
2099 37.62944459573316 127.05652163479863
2100 37.631109872982535 127.06046959693002
2101 37.62930064245414 127.06371564648835
2102 37.63327876152832 127.07068676135331
2103 37.63060555606313 127.07583348541262
2104 37.63078008972368 127.08348229793899
2105 37.62919155950847 127.09427580935876
2106 37.62995126599848 127.09846902379087
2107 37.633458758119005 127.10311634845971
2108 37.63722432501561 126.91218647506801
2109 37.634531316610186 126.91811675171392
2110 37.63664160268983 126.9244745919642
2111 37.63485992802192 126.9308513127871
2112 37.637303002037406 126.93346004450144
2113 37.63357444760314 126.93862419669489
2114 37.63750535098926 126.94804419154868
2115 37.63561492724389 126.95172979884222
2116 37.63446243593834 126.95631801117862
2117 37.63423938401909 126.96171954983892
2118 37.634750914120566 126.9840180687707
2119 37.633511986013374 126.98860978051121
2120 37.635527498067525 127.0032145242035
2121 37.637630297559085 127.00706740477263
2122 37.635162571839444 127.01323254750838
2123 37.63513260968343 127.02212379772999
2124 37.63611043279648 127.02841439263513
2125 37.636925203560125 127.02859389997525
2126 37.63441884809531 127.03961286312921
2127 37.63479717353882 127.04081418642836
2128 37.63371436038596 127.05101076300126
2129 37.6378714373315 127.05234457020742
2130 37.63547595879751 127.06262223080077
2131 37.63705253184379 127.06669915167868
2132 37.63543107337956 127.07243530017949
2133 37.63683005057795 127.07991361749642
2134 37.63792126856506 127.08162054355103
2135 37.6358933803464 127.10625581208129
2136 37.64201989658805 126.91948551674687
2137 37.64206099085262 126.92036617547353
2138 37.64179590456923 126.9309655318895
2139 37.63844469375138 126.93543887036654
2140 37.64174161346977 126.93850776672109
2141 37.63948503686559 126.9470912724561
2142 37.64055033511754 126.94907392985604
2143 37.63856995624191 126.95848204181233
2144 37.63809694687973 126.96050128042661
2145 37.639754771473456 126.96645179648563
2146 37.6421784216679 126.98779477427789
2147 37.639227967614474 126.99031361807015
2148 37.64216294998223 126.99762699067988
2149 37.641908169700095 127.00542003982497
2150 37.63960668276978 127.01006509653894
2151 37.63847075523439 127.0128286707884
2152 37.64186357102291 127.01969006093735
2153 37.63911081825041 127.02538515070431
2154 37.639178754222435 127.03067403147043
2155 37.63941156954282 127.03433996586821
2156 37.642387820077694 127.04346486149572
2157 37.639519139837326 127.05130862840318
2158 37.64018647999011 127.05481528674517
2159 37.640017100183755 127.05988403034576
2160 37.6417296333551 127.06801175912307
2161 37.63995533170454 127.07404971072997
2162 37.64156377935663 127.07631269443853
2163 37.64236728145073 127.08383081387863
2164 37.64174744875251 127.08830112062847
2165 37.64050552696038 127.09936467393281
2166 37.640399863544204 127.10666807187405
2167 37.639306406786545 127.10944314120749
2168 37.64644004764719 126.90784120106981
2169 37.64453510726563 126.91184837191732
2170 37.64382257954306 126.91825133828532
2171 37.64612670732028 126.9252444937521
2172 37.64387009519081 126.92859938085361
2173 37.64305085042014 126.93199667928035
2174 37.64518648887867 126.93948669269881
2175 37.64434726816382 126.94452603640804
2176 37.6426990329549 126.95390628524424
2177 37.646819086258844 126.95855123802303
2178 37.64377603325518 126.96198035441589
2179 37.64252790416977 126.98807828814273
2180 37.64486378026153 126.99149630790988
2181 37.6436490363207 126.99727017641536
2182 37.64289665092458 127.00448929332173
2183 37.64438800904299 127.00581460234034
2184 37.643705605256066 127.01346223960937
2185 37.64377067569268 127.0185305822974
2186 37.64315327641546 127.02701720482004
2187 37.64447245310129 127.0324515831431
2188 37.64423439149792 127.03985007329356
2189 37.646861071333475 127.04062275861286
2190 37.64388807068932 127.0461817370914
2191 37.6434013357473 127.0522160918636
2192 37.64261800666744 127.06140933765663
2193 37.64460808284517 127.06839406879283
2194 37.64420182091041 127.07426933372743
2195 37.64449148439627 127.07552605881665
2196 37.6433161340413 127.08454910409233
2197 37.64414068298107 127.08679684859416
2198 37.643306248284254 127.09825743293658
2199 37.6492498822787 126.92842330688312
2200 37.65019747265179 126.93408689753707
2201 37.65063898769022 126.93806416369742
2202 37.65145123470234 126.94430951150088
2203 37.64861729695244 126.95388009863937
2204 37.64787354933686 126.95589829229215
2205 37.648424600315 126.95997194961974
2206 37.651121331378306 126.98331999066842
2207 37.64918037681383 126.99397816272979
2208 37.64842669460401 126.99489740155624
2209 37.650006155610356 127.00521273224356
2210 37.649999214191546 127.00676393334669
2211 37.64977049349518 127.01272334159415
2212 37.649340884178635 127.0184811649966
2213 37.64974202604607 127.02338540645137
2214 37.651054074522015 127.03136953639437
2215 37.649431027367484 127.03455215431842
2216 37.6488286992116 127.0401742956783
2217 37.64934432628057 127.04686988526292
2218 37.65108810220965 127.05336767671432
2219 37.64839009380149 127.06246093457362
2220 37.65124638772387 127.06833712766958
2221 37.64932646911749 127.06945144646689
2222 37.650986125962625 127.07801470986666
2223 37.648999642069164 127.08123313561887
2224 37.64913868583791 127.08594979329376
2225 37.65428139736255 126.93950029016763
2226 37.65172047588303 126.9443395010347
2227 37.65444303440105 126.95088059477
2228 37.65346393600485 126.95581570517598
2229 37.65311787601292 126.98599281905663
2230 37.65571230483461 126.99027766212158
2231 37.65532793626096 126.99512974127737
2232 37.65429547018132 127.00083946492514
2233 37.65340568346411 127.01104226184584
2234 37.651764745507144 127.01441512536113
2235 37.655266020149476 127.01774590009026
2236 37.655641449187776 127.02420492394795
2237 37.652449257660344 127.03223957477228
2238 37.6557800984211 127.0374196209171
2239 37.65170817045885 127.04136067353805
2240 37.65222380443649 127.04616456179555
2241 37.65233556566469 127.05518674674842
2242 37.654238993124316 127.0599895156433
2243 37.6528694540061 127.06830928176021
2244 37.653814501262644 127.0730018582953
2245 37.65174380905944 127.07610661666753
2246 37.65157229053102 127.08112869229281
2247 37.6564029328369 126.94140108054486
2248 37.656460477561495 126.94802775972978
2249 37.656250322929246 126.94861103770005
2250 37.65991472044338 126.98832713712876
2251 37.65758513729001 126.99153451007221
2252 37.657122177559536 126.99656382833079
2253 37.656713762766266 127.00313945387437
2254 37.660532650407646 127.00574129651105
2255 37.65761523269509 127.01493732838702
2256 37.65710521367008 127.01871478715306
2257 37.65777587260933 127.0231506030166
2258 37.65923125626288 127.03118500199338
2259 37.6565231894335 127.0369584001297
2260 37.65698433196207 127.042197103056
2261 37.659699405304146 127.04597921116368
2262 37.65968761702645 127.05286439924731
2263 37.659188129731554 127.06048948626565
2264 37.658246148667935 127.06574904910642
2265 37.65861200039314 127.06895229563675
2266 37.659997242818626 127.07556130701896
2267 37.66151606744713 126.98795912971133
2268 37.66060376325626 126.98850505595816
2269 37.66220564199484 127.00959711860257
2270 37.661034752682575 127.01176927106245
2271 37.66098989537533 127.02228268038021
2272 37.66114795427598 127.02311487046727
2273 37.66175177833484 127.03100836029463
2274 37.66129858977708 127.03665756409215
2275 37.66425664408632 127.04426209324401
2276 37.663957118188 127.04653716784297
2277 37.66074253929857 127.05642508150962
2278 37.66085930743346 127.06191668255805
2279 37.66400025004 127.06476200685563
2280 37.661000948389 127.07342018738777
2281 37.6625298642381 127.07584866621525
2282 37.667577839591836 127.0088207697789
2283 37.66794865437157 127.01140227614195
2284 37.66509178469591 127.02744413791964
2285 37.666545695122494 127.033385362419
2286 37.66642184297134 127.03827179894495
2287 37.6680658653899 127.04507014345877
2288 37.66786663880458 127.0502792644834
2289 37.66863627156321 127.05538339639514
2290 37.6651748058818 127.06218604856178
2291 37.666879020235996 127.06606443933254
2292 37.66711974694268 127.06902898106539
2293 37.66745979353799 127.07643451543477
2294 37.668229763343845 127.08225676463432
2295 37.67108224246522 126.99625750311576
2296 37.671088534954535 127.0053122003709
2297 37.67051059103512 127.00743853362088
2298 37.66994957183423 127.01198452922938
2299 37.66996077414281 127.03213732826791
2300 37.67055217597625 127.03901374482113
2301 37.672631815443815 127.04412912111479
2302 37.67165909357543 127.05096291480767
2303 37.673377719464824 127.05183120002722
2304 37.673571918856254 127.05859139602975
2305 37.67001898139978 127.06609993325749
2306 37.67028931453983 127.06984340974272
2307 37.67006816512925 127.07943513085277
2308 37.67003321672399 127.08181175924054
2309 37.6716385533759 127.08638033386192
2310 37.677020209392325 127.00332699333892
2311 37.67775173320656 127.01299590025282
2312 37.67626714703502 127.02212391538362
2313 37.67612747570711 127.02756048431851
2314 37.676841123021184 127.0316920960092
2315 37.677815871373916 127.03614441456075
2316 37.675307715202855 127.04335196697092
2317 37.67421575288732 127.05006334460529
2318 37.675281033382 127.05696188802875
2319 37.674349979859265 127.05773952973894
2320 37.678561764390054 127.06711033387171
2321 37.67423625604334 127.07013785751475
2322 37.6773864741831 127.07880168228812
2323 37.67526426015518 127.0827554054616
2324 37.67594320249585 127.0872902933668
2325 37.67744910203541 127.09246152324118
2326 37.682738084406296 126.9984212922943
2327 37.68034308791138 127.0008130326691
2328 37.68245916246363 127.01018303602869
2329 37.6828416141494 127.01148886592503
2330 37.67919634167652 127.02914244044406
2331 37.679060954764786 127.03716945263403
2332 37.68095216934336 127.04496902975728
2333 37.68102754027005 127.04604479760889
2334 37.682377855761004 127.0566649587948
2335 37.68246226117265 127.05892637711108
2336 37.68153125535674 127.06840158001117
2337 37.68195910543352 127.0700554797757
2338 37.67885182734963 127.078479590268
2339 37.67860032578999 127.08021131102494
2340 37.68411950635123 126.99723074384399
2341 37.68622384384518 127.009981553591
2342 37.68698648886202 127.01211588270102
2343 37.68578652622604 127.01873492561306
2344 37.684727267095596 127.02792890865858
2345 37.683888747990075 127.02996689664047
2346 37.686170746994065 127.03656905583416
2347 37.6850391936398 127.04368364501819
2348 37.68648793157054 127.04754041053768
2349 37.6841367680019 127.05544185597003
2350 37.68311219611781 127.06288127139281
2351 37.68480909055354 127.0662262939472
2352 37.686561622953015 127.06982219121242
2353 37.68328374532187 127.0791276538272
2354 37.68813672694146 127.01414763007172
2355 37.68909231393824 127.02265948930759
2356 37.68873791599382 127.02328373950816
2357 37.68818932804983 127.03169316883037
2358 37.68783565149443 127.03491457560834
2359 37.68837038522621 127.04362002789155
2360 37.688381237785364 127.04814096303713
2361 37.687802842785025 127.0555894258
2362 37.68859991358916 127.07299382728642
2363 37.69131418033532 127.07606903178429
2364 37.689421217319044 127.0826936159527
2365 37.69388970564963 127.01104749221636
2366 37.69569411074119 127.01264331178638
2367 37.69471641796453 127.0171519720918
2368 37.69289604867754 127.02307432300015
2369 37.692187085941384 127.04509647818999
2370 37.695025455582986 127.07659691348712
2371 37.69420566965154 127.08313244793793
2372 37.697978390327094 127.01267473235279
2373 37.697044115741335 127.02085611313372
2374 37.696637326957436 127.07876303048587
