/ID-Antenna/-/Lat/-/Long/
1 49.57990944706775 6.08399019715724
2 49.57702297777561 6.085124358556878
3 49.575530870985155 6.103546892012595
4 49.57978274053017 6.123691700307888
5 49.588318873254686 6.080245147034068
6 49.582684396221474 6.085791139559269
7 49.58827622890945 6.111352092032798
8 49.5886826988102 6.126858077279662
9 49.585145085223985 6.129360477283659
10 49.59214523583246 6.150497759768458
11 49.59520540499827 6.080570874936086
12 49.59336982065075 6.090889014988328
13 49.599687007252186 6.101683600208227
14 49.59347209870714 6.124012441609012
15 49.598035744155965 6.130886301399132
16 49.600021016397015 6.150993714197609
17 49.601770658951885 6.159640301085056
18 49.60364133573513 6.083095861398371
19 49.604538572606806 6.097707040906603
20 49.6106462408885 6.1059773118801575
21 49.608944657922756 6.1280992769391425
22 49.60646776062523 6.136294129517285
23 49.60873998669311 6.150561121345977
24 49.610844790765135 6.165775619286967
25 49.609005010972524 6.177198863799484
26 49.61172230007402 6.189842486717714
27 49.61309745594006 6.092677714626615
28 49.61340507307291 6.105322257126997
29 49.61581161628341 6.123618390480248
30 49.61447110002865 6.142286450282809
31 49.6194003488584 6.143666026503532
32 49.61562445625564 6.170880259624256
33 49.621276163237866 6.172349054840648
34 49.6221623727929 6.187242668635861
35 49.63126196853524 6.072179188151171
36 49.630767316805354 6.0908200665622045
37 49.63203137901285 6.104800510642811
38 49.6308971972953 6.1272971463521
39 49.623910937464274 6.140254735885475
40 49.62462508002689 6.148114903497922
41 49.622393947992705 6.164889277692405
42 49.62523356158999 6.1764406534267495
43 49.62311985020857 6.190153048796139
44 49.63504174090654 6.075490202957508
45 49.63363245816337 6.0975345574312465
46 49.63814310392869 6.104096064014652
47 49.6342789201399 6.114673694895929
48 49.63610829946656 6.133363739679966
49 49.638508926579945 6.143327845992357
50 49.63625445061496 6.168846547355951
51 49.63666174974449 6.173585376791466
52 49.64377739009691 6.077698591253328
53 49.64251024342473 6.086683389213341
54 49.642791639510236 6.104533518452717
55 49.644093639394896 6.119474104223745
56 49.647011634856895 6.1346880660841645
57 49.64734079870478 6.155735316781363
58 49.64902629935201 6.158049442479128
