/ID-Antenna/-/Lat/-/Long/
1 45.01206068915486 7.618899575147746
2 45.01019914807173 7.62079240873463
3 45.01039177912218 7.627209980225939
4 45.0114887616382 7.632162907681114
5 45.01004820176937 7.641739354241993
6 45.010734707478704 7.649563800626492
7 45.01107910272402 7.653458847574577
8 45.01652670965032 7.5991469747908535
9 45.013722154718565 7.606207186448187
10 45.01640585954516 7.607028642019567
11 45.016622528125424 7.61757152634082
12 45.013496982560355 7.624506619980008
13 45.01473506143631 7.626697629603292
14 45.01354663596303 7.6385323443807795
15 45.01634191888186 7.63963172697276
16 45.01596393040147 7.648252803252939
17 45.012656882312804 7.6534882374773145
18 45.016588784998234 7.657979542196077
19 45.01668018508091 7.675055224903566
20 45.01649818475106 7.677417136166522
21 45.01882812238395 7.597899792116528
22 45.020266175573695 7.6061991853194435
23 45.019400484275785 7.609303199536135
24 45.02107540489395 7.613631810663629
25 45.019556539499774 7.623172531394217
26 45.019226472121346 7.631088565429573
27 45.01784729846789 7.633795445324449
28 45.019923458842 7.639613730171094
29 45.02004376771154 7.650364755128464
30 45.01929238061413 7.654875695668665
31 45.01904527728554 7.659975967748757
32 45.01890030705785 7.66979190020002
33 45.017722182828166 7.673611136961354
34 45.01891560934712 7.679061715632449
35 45.02276308610787 7.606381605883492
36 45.02471013327419 7.607530235196695
37 45.02129735927559 7.613065463336371
38 45.02211193011087 7.62510621867625
39 45.02516599473257 7.629694952648844
40 45.02366458633366 7.633588040498489
41 45.0242622949002 7.643894576370799
42 45.02386456100415 7.645835063055623
43 45.02196463878978 7.655596682722467
44 45.022314128226576 7.663385375577796
45 45.02327915985187 7.670341724480688
46 45.02376465257339 7.676532441101423
47 45.02493344301951 7.679694930690105
48 45.02403623703276 7.683844857450894
49 45.02468802030418 7.694168520595314
50 45.02443090234965 7.700528048554398
51 45.025125941168156 7.703997985169194
52 45.03015883954802 7.598859211614142
53 45.0294018564898 7.605221184632424
54 45.02747212524995 7.608987776091555
55 45.030070582463885 7.613311583640701
56 45.026722836061595 7.6247613083028485
57 45.02595825604482 7.627439925993638
58 45.02684402278014 7.637730668635351
59 45.02840100492513 7.640444934307358
60 45.0274033146624 7.647118722177732
61 45.027248200553586 7.655393650934332
62 45.030260264340555 7.661351041930317
63 45.02874790494829 7.670032787498826
64 45.02974878465732 7.675040456866735
65 45.02860252690789 7.683307615530238
66 45.02992771938069 7.689088688702062
67 45.028373400773795 7.69480918804764
68 45.02692970568386 7.6981336953022605
69 45.0272625924894 7.70552242073573
70 45.0295995973396 7.713228918376495
71 45.02999189579548 7.716416586984845
72 45.03402183255717 7.590849966888091
73 45.030784829213864 7.597466747375357
74 45.03134875632424 7.603117172129946
75 45.03220449670322 7.612168085955123
76 45.03222069472196 7.6132702619967825
77 45.033702648013005 7.624694021971312
78 45.03413326008768 7.625808424286966
79 45.031420655839376 7.637585848872031
80 45.03247225863918 7.6434601212706506
81 45.03326547014199 7.646767402976291
82 45.03113705361005 7.6565725256738135
83 45.031657680620555 7.662930419382955
84 45.034669278158084 7.666854049728239
85 45.03240857383265 7.675443205711448
86 45.03395690916567 7.68160280363947
87 45.034317677275254 7.685642311453772
88 45.033836482925906 7.690798614900167
89 45.03239843572439 7.698456883525046
90 45.03212227885026 7.703533917176628
91 45.032786619754354 7.713556624057205
92 45.032961707908676 7.7163730564845885
93 45.03277047741014 7.723572660046687
94 45.03902668677582 7.592245845851228
95 45.03727703686456 7.599386607116857
96 45.03540834419759 7.605360926849774
97 45.03608085152553 7.612887133119121
98 45.03642875642781 7.61506540054562
99 45.039226903829096 7.625228534856104
100 45.03649964458576 7.629796732518502
101 45.03670209609236 7.637066835532208
102 45.03712702868845 7.641598558554905
103 45.03945160175812 7.646349629349786
104 45.03718896056195 7.651681931090661
105 45.03927435719076 7.660472812853926
106 45.03788634406691 7.667532742763867
107 45.03574214804539 7.672926643924381
108 45.03642387198969 7.680982615734003
109 45.0357030590826 7.684264316367696
110 45.03713957467176 7.694340215599515
111 45.03827477131547 7.701001277152628
112 45.03605096159518 7.706864298195339
113 45.035086805149966 7.709321917527326
114 45.03633957656467 7.717089489768955
115 45.037891279508365 7.725656895210298
116 45.036845559920806 7.730138337289692
117 45.03965580466671 7.591609531094373
118 45.04009349989368 7.59517467141594
119 45.04293565648998 7.619032539416198
120 45.04230548441635 7.621255722485858
121 45.042187195878526 7.631534309896324
122 45.04062108459074 7.636822525575102
123 45.0398523539644 7.643307279613345
124 45.04356468093154 7.645469964526813
125 45.04126648994106 7.656377909076583
126 45.04124208279363 7.658340223529978
127 45.044020790286154 7.668354732886223
128 45.04090753977268 7.67615697652902
129 45.04402009202534 7.678460967414848
130 45.040023522277096 7.688901994835166
131 45.04321586408137 7.690060230740212
132 45.03988049126227 7.702094748180875
133 45.0410768560156 7.706760640256797
134 45.039760087340994 7.7118903837417445
135 45.04285786363197 7.7212177977788565
136 45.041533075052016 7.7240944365072846
137 45.04083912244616 7.728996338612687
138 45.04097101335967 7.7345103646316
139 45.04645206211459 7.619091137756603
140 45.045270836195854 7.623399830170947
141 45.047448214751284 7.628546822618306
142 45.04796621593697 7.636006151655994
143 45.04724479590977 7.640888796097188
144 45.04451817210607 7.645408681208922
145 45.048074929137584 7.652501662603294
146 45.048068189969925 7.6630080477647535
147 45.04795423223638 7.6677821257267755
148 45.04438643341493 7.675793102394317
149 45.04707544421438 7.680908943348663
150 45.04628321665303 7.687623119195959
151 45.04475504559332 7.690315239916214
152 45.046626328451794 7.697388050548324
153 45.04539115170135 7.703685515685795
154 45.048629869037114 7.7138194440267
155 45.04851571549743 7.719858598151401
156 45.04459940962795 7.7270184454799455
157 45.046132399681795 7.728333900297262
158 45.045856707120095 7.739270030559589
159 45.04685597415625 7.742052024896519
160 45.049204213555406 7.624849180958704
161 45.05048420382487 7.630135091802839
162 45.050893697756734 7.634573806191313
163 45.048789235504906 7.64245744216499
164 45.05172447826566 7.6479633006313135
165 45.0506629732532 7.65409771403099
166 45.049368277581635 7.662668814045171
167 45.05021269041898 7.666904316757761
168 45.052813470890825 7.676618308097585
169 45.05311632675725 7.679905635718129
170 45.04947941404362 7.684790775603721
171 45.05290239537305 7.691279249352606
172 45.0491748813072 7.699643030937706
173 45.05041003050505 7.706548399677238
174 45.048800922471216 7.70927918926934
175 45.05089591333829 7.720254906438072
176 45.04943513326307 7.72392441347022
177 45.0519855069924 7.729249547167124
178 45.04870680394959 7.736600540503629
179 45.05113917119938 7.74478465048735
180 45.05306736333833 7.749613209944405
181 45.05413800166952 7.623798069205546
182 45.055507612809414 7.631344056116341
183 45.0568531816852 7.6346613708359135
184 45.05646470124869 7.6443605407084965
185 45.057207025580254 7.6476801251860556
186 45.05484964167083 7.656041142562721
187 45.05688425735346 7.658634679851286
188 45.054518745606316 7.665056460596486
189 45.053735199386935 7.6753772273393235
190 45.05476611653667 7.682026845809307
191 45.05375828483966 7.686992728914335
192 45.05630560029428 7.694715208772238
193 45.05529319721579 7.69632572892332
194 45.05355002094011 7.702714069029388
195 45.05584301815809 7.714494223162591
196 45.053333807011526 7.720990079314831
197 45.05386792186115 7.724213644291382
198 45.05588697105141 7.729814893154035
199 45.056038169288755 7.739705800314866
200 45.055177513739274 7.746333540847674
201 45.05676126064093 7.749431045013707
202 45.057317805267914 7.754212357706158
203 45.06221627622027 7.618191398454746
204 45.061069016435894 7.620714370865839
205 45.05860112930447 7.628088437541848
206 45.05923813686187 7.638466199535314
207 45.06079049540631 7.641382399947556
208 45.062154352167056 7.645660009004831
209 45.06118219093432 7.657448747243235
210 45.0596421020376 7.662941759800408
211 45.05865124418939 7.665548190889265
212 45.06090990061311 7.675986651133074
213 45.0614134420002 7.682708039624959
214 45.058253619498814 7.686394369472314
215 45.0600747858644 7.6956537609011
216 45.06130933767819 7.697295384972116
217 45.0583783726308 7.706095166228573
218 45.05907096450226 7.709055580969506
219 45.05941461535675 7.720165842692869
220 45.06150971720705 7.721919414228226
221 45.06145540069497 7.729940556252853
222 45.0610810850953 7.739499366285025
223 45.05827428763583 7.744178801002581
224 45.058081295436246 7.7493720676061795
225 45.06173374356215 7.755304809181494
226 45.06664701776705 7.613444595129806
227 45.06342859517904 7.6209687726377195
228 45.065629854590846 7.630778048633572
229 45.06404552873217 7.637781990452218
230 45.06463803833358 7.641288114644565
231 45.06657725778298 7.647222430052014
232 45.06372324070026 7.656308762511349
233 45.062946322449264 7.6585776251328035
234 45.063872039897014 7.66449169221116
235 45.06609791008633 7.67488160138863
236 45.06682870070844 7.682432821738283
237 45.063164222600385 7.6896133256717105
238 45.06274594596257 7.695055615337185
239 45.06583749923313 7.697667442929322
240 45.06269500963281 7.702639020769657
241 45.06286417838358 7.712962967796185
242 45.066410939777874 7.715695328858879
243 45.06283743283756 7.7255299264120385
244 45.064459242768464 7.733592329097565
245 45.065399487134854 7.740197907694964
246 45.06323756395742 7.742445291313109
247 45.0624500403403 7.753054612215115
248 45.06436901247734 7.757386579139836
249 45.0713786106528 7.606353445990172
250 45.06907660824135 7.61048211926416
251 45.0699189639007 7.618991854177701
252 45.07024647574224 7.625052678975434
253 45.068253439130714 7.627528320586996
254 45.06977374531116 7.633098586983245
255 45.06914370165487 7.640633352024244
256 45.07132316037005 7.647047716986048
257 45.06807760201746 7.655215595069452
258 45.069154198253635 7.662262327731127
259 45.07130271284744 7.66595996840944
260 45.06891575768406 7.6729513136687695
261 45.07058175230687 7.6772313691744305
262 45.06714201110523 7.689508018928926
263 45.06989825842506 7.691755771860181
264 45.07074123626411 7.701107416900399
265 45.069173825272586 7.707616972721762
266 45.06869591918147 7.713620636586229
267 45.06898846634366 7.716044989085609
268 45.069375022857166 7.7270383225503885
269 45.068543719821506 7.731740209801589
270 45.0681225213783 7.738508000000001
271 45.06951331630548 7.745291220009552
272 45.069814927228656 7.753138214611243
273 45.06710592784574 7.755849823432061
274 45.0680805012987 7.763931565802309
275 45.07222735736614 7.605588400612607
276 45.07414929824136 7.608541232168493
277 45.07460470921087 7.616788798140082
278 45.07589065940516 7.624507415228681
279 45.07272906922391 7.628464254362608
280 45.07595545046931 7.6360827175682315
281 45.075430562908025 7.642234963365064
282 45.0757396180551 7.647954493551742
283 45.07214509935953 7.6577243181013595
284 45.072695612526815 7.659508135739218
285 45.075412962020046 7.669155095711802
286 45.075583026590614 7.675690374556978
287 45.075267511551914 7.6772994674170985
288 45.07443804064203 7.685349677162505
289 45.0720956426417 7.689775109326831
290 45.0745586179135 7.698286008346374
291 45.072068698765676 7.704585837847289
292 45.07320709612876 7.710015642304043
293 45.072791003799786 7.716015920796562
294 45.07539190704309 7.724525480842681
295 45.07505897093084 7.7288419503304615
296 45.071542588223586 7.734658250085107
297 45.07539036953809 7.7422112381659165
298 45.07226767317495 7.750805207744337
299 45.072710389708966 7.760065333299758
300 45.07268427765216 7.760290923006621
301 45.07582921165714 7.77040246086527
302 45.08049494325137 7.610400638654802
303 45.079017492962215 7.61452449096858
304 45.07934985297196 7.622158923650755
305 45.07811605730753 7.6310187881358775
306 45.0801832318691 7.637626405151868
307 45.07786666250687 7.641959046025953
308 45.07770396938103 7.646441153730558
309 45.080043944406476 7.654532940247319
310 45.079614153538344 7.659193139923887
311 45.07672665309494 7.669921529108455
312 45.08046100068233 7.671219382969775
313 45.076221209419245 7.683250143913081
314 45.07748375371269 7.685342011417701
315 45.07852188917812 7.69495826630208
316 45.07790370061853 7.6994640880660326
317 45.0763969779731 7.703494365986547
318 45.08037627016535 7.7127839330587245
319 45.07642540957008 7.720135303354133
320 45.0761286384045 7.722808816023654
321 45.078773903011374 7.728998028637734
322 45.08052318759937 7.735837671676469
323 45.07938110015768 7.743932747795038
324 45.0794618413846 7.752418825419065
325 45.077242291042175 7.754812696159799
326 45.07700310494099 7.764548044946801
327 45.08011425386245 7.766754894398084
328 45.082361482116916 7.611596110724524
329 45.08199076701948 7.617042826030061
330 45.080676452253535 7.623148136720201
331 45.08375207399099 7.629700751236329
332 45.08109023635839 7.635898920778435
333 45.082723205413714 7.6411769
334 45.08356296724823 7.649970815595761
335 45.08373244518612 7.6556432103986225
336 45.083447871739764 7.659407584694136
337 45.08144374411164 7.66933143935109
338 45.08100194017806 7.670679561428829
339 45.08097283757039 7.678600819588718
340 45.08369467313422 7.685483310440661
341 45.082869847650976 7.690734031862404
342 45.08085617190199 7.696776661284956
343 45.082495040160545 7.707158778663906
344 45.08262609516326 7.711665533443243
345 45.081838193806966 7.716134504275658
346 45.08407494213223 7.72401135977004
347 45.08370344973363 7.728933995813045
348 45.0834676653541 7.740489380003968
349 45.08138544396243 7.74524840594542
350 45.0823250432896 7.75197544652954
351 45.08166689563604 7.755969363727478
352 45.08224779331301 7.762624513981169
353 45.08153458897207 7.7689986678485345
354 45.08568257333197 7.614198439214502
355 45.08546095682819 7.621941853786795
356 45.08958385495741 7.630621821930379
357 45.089243363570645 7.634620501576651
358 45.08783439392185 7.641027617138081
359 45.087417607681544 7.645588794290976
360 45.08607381460024 7.655152454903436
361 45.08617838446237 7.66344200327306
362 45.088786113107254 7.665514637072854
363 45.08787493488144 7.6709206688862155
364 45.086388384183834 7.683162895599864
365 45.08728557232737 7.684937392678771
366 45.08905629277568 7.691754257727695
367 45.087419961937734 7.6970964142634966
368 45.08656823123565 7.703968381898331
369 45.089307324213735 7.7110335721832834
370 45.08772680937476 7.715492654707998
371 45.086082654321515 7.726389808007568
372 45.088557536180645 7.729487437825842
373 45.08746602828415 7.739566709760734
374 45.08637565179308 7.746711625917665
375 45.08524485769543 7.748534231174587
376 45.09099234453351 7.619109961347349
377 45.08994887791148 7.619435654349205
378 45.09321384411502 7.630802129135262
379 45.089794231739255 7.63549059970415
380 45.093942591551745 7.642505018538501
381 45.09192793224665 7.650568857726448
382 45.092519950017305 7.654108784201004
383 45.09360280632529 7.66021936079553
384 45.08974760079257 7.668862048726612
385 45.0927125845312 7.674368703709948
386 45.09110098112963 7.682488535130713
387 45.091794251716976 7.687909695708992
388 45.09424926016692 7.692340112276314
389 45.09270149468404 7.700439763380968
390 45.09027297502058 7.706961264782868
391 45.09111602848378 7.7100503320340374
392 45.091308560673184 7.717262364973335
393 45.090454327521975 7.726235255686962
394 45.091061899061685 7.728250091397875
395 45.089735520998886 7.735926121443277
396 45.090608802410614 7.743651806176639
397 45.09796531276723 7.618977467921241
398 45.094522519107805 7.623086183678241
399 45.09581306299596 7.627023864717662
400 45.096483290005764 7.633747604125796
401 45.09825958751857 7.644941024740662
402 45.09462200355714 7.649436801371242
403 45.09527170748698 7.656765086272528
404 45.09646882365832 7.657928947167475
405 45.09572625703122 7.668415265840133
406 45.094583117230364 7.67642067400521
407 45.09428705876313 7.678867688132319
408 45.09744588982535 7.687057655363224
409 45.09764540137886 7.6925032379682134
410 45.09549454123026 7.7024670422312775
411 45.0973285194144 7.708678761128079
412 45.09831714842563 7.7115435823142695
413 45.09642755491298 7.717034827508374
414 45.095827995286896 7.728084415214309
415 45.09794694945487 7.72813691165787
416 45.09644238404198 7.738040547750024
417 45.09800936768788 7.742703711040162
418 45.09879974122323 7.748180911809526
419 45.09969629295659 7.6184835918507225
420 45.09897432950888 7.622931512508207
421 45.099326989037905 7.629813342763588
422 45.0993988502507 7.632569667478243
423 45.10090172872962 7.643096050918427
424 45.10270957817953 7.648981494926004
425 45.099443344031286 7.653863631534412
426 45.10251735711995 7.661809014640496
427 45.101985868292225 7.67013661733609
428 45.10316359542708 7.670889016346129
429 45.10052023847661 7.682078479323542
430 45.099011638029154 7.6853625057593575
431 45.10243831689944 7.6955769338605045
432 45.10152406322433 7.699907524514348
433 45.10244650450218 7.707804070379876
434 45.099712099662504 7.7134286047136325
435 45.10298990064887 7.720670050226976
436 45.099467221423495 7.723115654863407
437 45.10064675115068 7.731360894728555
438 45.101290678074825 7.739767470332461
439 45.09941524262846 7.7467137230430065
440 45.102461442167495 7.749776876009233
441 45.1050995498903 7.612905003086212
442 45.106498340162766 7.614288186684298
443 45.10751711519919 7.622708984944159
444 45.10735523369532 7.62606202799073
445 45.10701849051505 7.632464477779224
446 45.10666824449982 7.642764549588834
447 45.106363123161834 7.648551938118637
448 45.10584731904332 7.651504582159256
449 45.106374823656694 7.662899143552935
450 45.10500193471432 7.667507307769914
451 45.104543585013154 7.676244675104265
452 45.104086401709054 7.679005071965967
453 45.10716572845734 7.683696491865977
454 45.1058415665463 7.689736249067113
455 45.104995014586905 7.701803769480337
456 45.10613030091402 7.703092505921421
457 45.10773431641969 7.715201300712041
458 45.105040130677665 7.721214235121897
459 45.104577737096314 7.72654599483659
460 45.10356271869883 7.72962930606525
461 45.10458199226594 7.734902853156879
462 45.10562975733086 7.741254596948565
463 45.10457171572514 7.7477901975361405
464 45.10848658019564 7.622971674936633
465 45.10991131439334 7.629326678536623
466 45.108658288778976 7.636784776197348
467 45.111309883926765 7.6390147055212445
468 45.11191945313008 7.64602202249484
469 45.1102434743253 7.654260159049552
470 45.108271324996686 7.658603191208433
471 45.10906440764566 7.665075022606313
472 45.11096486205424 7.672940995946744
473 45.10989096740145 7.678865826720318
474 45.110672931691674 7.685475040012668
475 45.111105880185946 7.693300782514294
476 45.10802861798449 7.699695583959606
477 45.108758246030405 7.704759025690758
478 45.11039975403423 7.710727753051637
479 45.108056111120945 7.728025433612235
480 45.11232424849604 7.733457323420824
481 45.108855080189066 7.7349057020693355
482 45.10893812497438 7.7422273927906415
483 45.11354028706574 7.625694048778765
484 45.11326150906938 7.628911680284608
485 45.11281749054273 7.632389051540495
486 45.11510415421459 7.656964593505906
487 45.112801354013584 7.661569977714945
488 45.11429421424133 7.66848115320627
489 45.11597150035699 7.676463857797936
490 45.11429071968018 7.681000427335198
491 45.11280946690944 7.68527422402033
492 45.11635271196997 7.69445933867166
493 45.115477648251584 7.699433163686018
494 45.11418337397738 7.708050446647177
495 45.11688708175158 7.709377674587901
496 45.11670653406017 7.715596741774973
497 45.11650283460624 7.724522003149944
498 45.114898690871826 7.73302171672086
499 45.11639303470581 7.7351860445740295
500 45.11720742200302 7.65457431391588
501 45.11802730034266 7.660194002605595
502 45.118772777083144 7.66586195910408
503 45.1195397776575 7.670673409518729
504 45.11905069604805 7.681863684146581
505 45.11933479312657 7.68499310979347
506 45.119813578114794 7.695149547290808
507 45.12088982558404 7.701247879413087
508 45.11742509326756 7.705270944947037
509 45.11866458024514 7.712602371128764
510 45.120402285677145 7.715610444934612
511 45.11712084276328 7.726636489159591
512 45.1192934406882 7.732200634733953
513 45.11731424023165 7.734712403020403
514 45.122812426055795 7.6542965829505665
515 45.12300346367416 7.664017406170048
516 45.12372493126296 7.668976775419596
517 45.123249849352156 7.672348779191474
518 45.12275595182856 7.677489019349056
519 45.12418370320672 7.689179267041944
520 45.121804684252034 7.691850232973615
521 45.125771232772315 7.698343637131743
522 45.12583970196943 7.707929883370231
523 45.12307975507809 7.710062974237769
524 45.12245455730759 7.716638520400642
525 45.12367371826406 7.726640392631019
526 45.122203217812896 7.730465923797598
527 45.1307511718787 7.657724637759371
528 45.130043490608955 7.658740128789127
529 45.130093040411815 7.670497032162306
530 45.128484635346005 7.67265989182972
531 45.13002042309578 7.680254726945371
532 45.12801585066001 7.68565989766045
533 45.126832418653414 7.693378959601
534 45.127628771201444 7.699211832076092
535 45.12949927374004 7.707211433294008
536 45.12829530462102 7.711468984514291
537 45.127050111473956 7.715651723007839
538 45.13278030308609 7.657070270597501
539 45.13401481784932 7.663052401044528
540 45.13281475945277 7.668067393258458
541 45.13289064529542 7.671626597519405
542 45.130799079165236 7.682937411685421
543 45.1316217059638 7.686981461147818
544 45.13136878600565 7.692381671601083
545 45.13090381201921 7.703772173948973
546 45.13216365956376 7.712176317574942
547 45.133357685471104 7.718213994174817
548 45.13887189912955 7.663980652011399
549 45.136535947442205 7.670365980458084
550 45.13728308084263 7.670875999574501
551 45.13540359132283 7.6801608763387135
552 45.13599671952314 7.719872652428163
