/ID-Antenna/-/Lat/-/Long/
1 49.57666887778854 6.08508979761909
2 49.572660257659315 6.097162288889518
3 49.57484247138062 6.101572968639959
4 49.57654228627732 6.106471743880465
5 49.581855981361066 6.084419236001461
6 49.58069068603403 6.090454228795527
7 49.57847759157839 6.096656083496121
8 49.57762429985887 6.1033298842893435
9 49.58049497457639 6.110901266344014
10 49.5790078884407 6.114451019163252
11 49.580963799760134 6.12099848317688
12 49.58280152289471 6.083552956949167
13 49.583207062834724 6.085972153546397
14 49.58400497387263 6.09709255126655
15 49.58479804149312 6.099340229229359
16 49.583874059337134 6.113344428291371
17 49.58581240801266 6.117917188550928
18 49.58318491510815 6.122913895713002
19 49.583562429224536 6.130868409870652
20 49.586328379283735 6.136476976222904
21 49.58927160994228 6.076591153778787
22 49.58940891651295 6.077649044325872
23 49.586974652069166 6.085490494032682
24 49.589353952199076 6.094032239292588
25 49.58882403732524 6.105273412229271
26 49.587217180345924 6.106660339907008
27 49.5871998682686 6.120221137684606
28 49.59034832085046 6.125089202795552
29 49.5896523327474 6.128625019749765
30 49.59012113967925 6.139915626034674
31 49.591317313164716 6.149466364970928
32 49.59312589693153 6.0762058636903244
33 49.59467006916455 6.079531869939498
34 49.591823485841886 6.087617263589052
35 49.59198920333917 6.0935169241783536
36 49.59499186929723 6.1060104298071805
37 49.59322337478267 6.107180070500625
38 49.592797993326776 6.117961905312044
39 49.59495911729013 6.123124001978991
40 49.593131013478214 6.129775591483549
41 49.59557230354653 6.138199919569301
42 49.59416121377481 6.1443544939192245
43 49.59480298919229 6.150747120310835
44 49.59718557107252 6.083352589126751
45 49.598687381767625 6.086485688339689
46 49.60016406162827 6.095885410770455
47 49.59781634017102 6.099709635444433
48 49.5998078877825 6.110452495163787
49 49.59714985640154 6.1188675253638065
50 49.59651366182274 6.123105136034641
51 49.60013876162186 6.135170111420264
52 49.59925506642761 6.137402907757094
53 49.59747664076641 6.149548333123011
54 49.59990824090771 6.150823094939256
55 49.60351651067462 6.081661984526664
56 49.601362940769896 6.0892177233233085
57 49.603469194568696 6.094715082619572
58 49.60389765303747 6.099476089414438
59 49.601321572177255 6.113477896360554
60 49.60211010475933 6.11642125168548
61 49.604105907643785 6.1225373272609245
62 49.6015010168076 6.134157835861315
63 49.60285657826052 6.1365009237415045
64 49.60429009716893 6.149984041752194
65 49.60414869374002 6.1542224569676875
66 49.604494598634936 6.163267325811513
67 49.605097740946285 6.1664540254556455
68 49.60508104115394 6.190906151213986
69 49.60572205883942 6.086291207481741
70 49.60696122181354 6.094584812427311
71 49.607253587433185 6.101830394587951
72 49.607817406179876 6.111355728905267
73 49.60582501125496 6.120697692548528
74 49.60943806508285 6.126692341471958
75 49.60796675316771 6.132587729662853
76 49.60832395254047 6.1387367947235285
77 49.608098238341725 6.143646844004393
78 49.606729239343125 6.156709686324064
79 49.60729708825156 6.158295623338651
80 49.6086847935474 6.170543157166398
81 49.60975517913761 6.176296954957356
82 49.60893529295235 6.181588790525616
83 49.60749856552268 6.1878873101440055
84 49.61002778698233 6.198157598182897
85 49.613326531320986 6.091236983665334
86 49.611965506850865 6.095439802713472
87 49.61198021049603 6.104688939228848
88 49.61285344849926 6.112320868216732
89 49.61008215153614 6.118224411234646
90 49.61057747883049 6.122849324562654
91 49.611392150462855 6.133434598511328
92 49.61340793904415 6.140837639996223
93 49.61380815258721 6.145022163212158
94 49.61126031061034 6.156836705737866
95 49.614391970102254 6.163389582987724
96 49.61391094826862 6.171723136106264
97 49.61364030997654 6.174182662159163
98 49.61061455991689 6.184637968203777
99 49.611955869877825 6.193671582617185
100 49.613433778500216 6.200678569045622
101 49.61697946588509 6.098109252478991
102 49.61569117772785 6.104039324452728
103 49.61880096364444 6.112911486277448
104 49.615736493343164 6.118049403822135
105 49.61653300464724 6.124234806011008
106 49.61899299752708 6.128529107040419
107 49.61730848045068 6.139249377101004
108 49.61891575537373 6.146348987492553
109 49.61757515581662 6.157196553472381
110 49.61799440169461 6.157999476851369
111 49.61602825657135 6.166610611389959
112 49.618860030576286 6.174381110279069
113 49.61935137986158 6.183393487519848
114 49.616156061804745 6.192564304763946
115 49.615471986952784 6.195938855603636
116 49.62010451121521 6.098920240262046
117 49.62364272817619 6.103150269126046
118 49.6226687679465 6.106946378789703
119 49.62255570587694 6.118944139017113
120 49.623587741096124 6.122460723224035
121 49.62282647238486 6.131210256355671
122 49.622924805513925 6.135601548879941
123 49.62162178071313 6.1456189977739015
124 49.62037798614667 6.152934250766577
125 49.622611627543684 6.158901881412021
126 49.62008610040446 6.169734573353148
127 49.62113457027735 6.1745011356342445
128 49.622418570866344 6.186030984351911
129 49.622651436723665 6.1896240975903165
130 49.628276517467086 6.075579945757109
131 49.6287052313513 6.084244686235807
132 49.62661362888367 6.091246427330709
133 49.62509244681086 6.094098259482119
134 49.62450131091318 6.100412138339629
135 49.62553152364775 6.112115667079905
136 49.6257400385153 6.113716257957584
137 49.624179336570094 6.124690749737336
138 49.62732636865111 6.135386407313802
139 49.6245760748285 6.139831998840042
140 49.624536572111616 6.145227445472909
141 49.62560870715938 6.156240939344009
142 49.627883637221 6.1613376695211794
143 49.628656289861084 6.167053621307627
144 49.62582225085308 6.173887473931583
145 49.62469143179698 6.185953407394251
146 49.62445735173901 6.189117162340677
147 49.6327909992916 6.071545348924997
148 49.63235059798121 6.081279350321515
149 49.63259236670735 6.086945408211033
150 49.62987416956291 6.092703743009181
151 49.631369622052325 6.101651325961829
152 49.62963678220692 6.109972028688107
153 49.63042311916771 6.1187763004512945
154 49.632256238902855 6.125252202306151
155 49.62958031909965 6.129619354288306
156 49.63322451114734 6.13797607226046
157 49.62988435362327 6.144288943633561
158 49.63270487300508 6.151038671770473
159 49.63335307078222 6.160676518207375
160 49.62954998798134 6.169906832889142
161 49.6307188388479 6.175855579313431
162 49.63264681479925 6.180161118020608
163 49.636539042673824 6.075187914121606
164 49.63729414908752 6.08412108550887
165 49.63529258227376 6.08943559922982
166 49.63691949337016 6.096427368817771
167 49.63436519457113 6.099930113420338
168 49.6365006088365 6.112364411721314
169 49.63559726079102 6.1161273622886405
170 49.63457955555701 6.124557381366594
171 49.63635083838275 6.133182017119966
172 49.63361725149564 6.139297815642506
173 49.636071923043296 6.14431369967677
174 49.63647044762562 6.150359364338903
175 49.63434093251061 6.163451419514391
176 49.63459934493071 6.1651416854651355
177 49.63678799281241 6.172805279912002
178 49.635298518529275 6.1806702704997525
179 49.63850646249433 6.0767724299414105
180 49.639401520803325 6.08180975486998
181 49.64149067956699 6.0908534021872205
182 49.64075398072258 6.095553962355841
183 49.64058937829425 6.10508638778539
184 49.63835353876815 6.110851418298733
185 49.642204919944135 6.118504802807629
186 49.641468024715 6.124483842616552
187 49.63974630666408 6.131316775769215
188 49.639807432930965 6.139984995952955
189 49.64083766930642 6.145850856421474
190 49.63862399777153 6.151181566353433
191 49.64140485399334 6.15998838744152
192 49.646158922307926 6.084378316441563
193 49.642926040898125 6.088692078754169
194 49.64413088093665 6.096021869209287
195 49.645338869311175 6.103376807948037
196 49.64456839482997 6.109263460657158
197 49.64607258028808 6.11476162099248
198 49.643969476701244 6.121828376634015
199 49.64330702342197 6.134814205030117
200 49.644231966787984 6.141249345320114
201 49.64576608385609 6.149958845179319
202 49.64636454784453 6.152731585244783
203 49.648128327878766 6.108441684461627
204 49.65019887167577 6.11385888299136
205 49.64749580387866 6.123118899111589
206 49.648452075416465 6.131585553078086
207 49.649003514220325 6.139944583229257
208 49.65000478777202 6.147853163329774
209 49.64801167381037 6.150943064683449
210 49.64886076866765 6.159532847749006
