/ID-Antenna/-/Lat/-/Long/
1 41.32502039900381 2.1184899217453608
2 41.32419830555389 2.1223466155862023
3 41.322959060465244 2.1254162296895642
4 41.32400982126839 2.133475796406897
5 41.32191759762514 2.139991827630121
6 41.32469628191947 2.1426992571226493
7 41.32294451297429 2.151322913976929
8 41.33012271601595 2.111840640219455
9 41.32889087280346 2.114006301448648
10 41.329981747641845 2.1226107648896275
11 41.32975310751229 2.1255941705239247
12 41.3290745086317 2.1345826173160702
13 41.325874692763065 2.1419407831457686
14 41.32804395738084 2.143908481072934
15 41.32936447912802 2.1510512351713778
16 41.32930810770588 2.1570504691013324
17 41.33383130406252 2.1063905079669074
18 41.334122136280364 2.108459679614247
19 41.33106006443865 2.116582037715592
20 41.33343685288242 2.121770100049703
21 41.334711680766354 2.1282861580250816
22 41.33427598092722 2.1358738109024724
23 41.33245723033696 2.139108003948651
24 41.33061938015925 2.1450848127013935
25 41.33169512822693 2.152364051960872
26 41.331542609629324 2.157212746864493
27 41.33201705736387 2.1609243033662153
28 41.334861017049285 2.105501797076439
29 41.3358253770967 2.1124106990525
30 41.33566302391008 2.1128638592252793
31 41.338903126870925 2.119201421178932
32 41.33754304194013 2.128045204706669
33 41.33701339643239 2.135107512860375
34 41.3349952599844 2.136860198833768
35 41.3377387168158 2.1434998179513625
36 41.336709293696074 2.1546743071747194
37 41.33837440764693 2.1586588405926417
38 41.337490723423485 2.161210928450982
39 41.34032270473895 2.11714837429578
40 41.34040989022725 2.1194947598741556
41 41.34094569307123 2.1266933008224433
42 41.34146317661456 2.131727010663108
43 41.33957551512197 2.1399853136019433
44 41.34164718820286 2.145909405413912
45 41.33962006459611 2.1551300148098353
46 41.341225200334115 2.1657522689739137
47 41.34554245316718 2.1289458521178033
48 41.34620978568846 2.1317174953535476
49 41.345675643156106 2.142079970302318
50 41.34490286675791 2.143738799910629
51 41.3463406829436 2.1489318313592696
52 41.34714337431587 2.156956365229605
53 41.34816777219959 2.165871073600846
54 41.347825314368386 2.166806011871843
55 41.35301696032732 2.135898574909435
56 41.35031781765051 2.139861768537703
57 41.35048433787815 2.1441816969818666
58 41.34994418946952 2.149042018882046
59 41.34871945890898 2.156587437700837
60 41.34961579576263 2.1652138946764934
61 41.350775736386645 2.168069771160863
62 41.35355693681454 2.135490781894847
63 41.35364038269707 2.1368522774220557
64 41.35647620199379 2.1455500524971387
65 41.353660222091825 2.1508601305554236
66 41.35347978280807 2.1584739205279586
67 41.357374675291354 2.162412895821698
68 41.3560328413346 2.167101832554581
69 41.358462544914886 2.135325878669252
70 41.360253875238456 2.1368316322807654
71 41.35935476977419 2.145080262911281
72 41.361928714756274 2.1520011134240598
73 41.36138278428288 2.1559559932128125
74 41.358280545868915 2.164113595633835
75 41.36137167939924 2.1699758677490713
76 41.36064208078473 2.174117302185546
77 41.364659660964556 2.1349325884430215
78 41.364171707783996 2.137242183597709
79 41.36686210351513 2.147914900064336
80 41.365829921929816 2.153107516911859
81 41.3657634412387 2.1584733194258585
82 41.362823231490886 2.163244465915811
83 41.36539666658414 2.17022382049163
84 41.36470837234565 2.1751335772804428
85 41.365916881016645 2.1792964596421864
86 41.36684894726909 2.187073953346065
87 41.369832903291424 2.1303222472488397
88 41.36746438899294 2.13507184909856
89 41.370196106195635 2.14022072494884
90 41.370719067505036 2.1476386457584136
91 41.368026523082484 2.1513687780357293
92 41.37098225586665 2.1603785942817684
93 41.3682170876538 2.164280552627317
94 41.370813993993416 2.167636877666652
95 41.36878713254484 2.173685467890735
96 41.37146282444774 2.1809224392384667
97 41.367454350195494 2.18765359326714
98 41.36908980255724 2.1909594428796786
99 41.37597943541381 2.111662798540106
100 41.37578845051708 2.11723304405095
101 41.37500009039602 2.1240931367203357
102 41.37324380119658 2.1249726828845534
103 41.37589656938376 2.1327037378037477
104 41.3745535396961 2.1414994098217033
105 41.37430032578533 2.1474367106248566
106 41.37593435059472 2.1506330223590986
107 41.37507524261462 2.1562657500574987
108 41.37163390669962 2.1665635871966558
109 41.373594821338386 2.170864047504086
110 41.373906218573445 2.1771342964119613
111 41.37210010367973 2.1796757296868585
112 41.37611516233539 2.1905605429194828
113 41.38007103109907 2.1043355445340914
114 41.38045215395093 2.10700994617718
115 41.378853289113266 2.1181582849840046
116 41.380588223424915 2.1187546678285423
117 41.37760314967622 2.128835031631421
118 41.38021637918717 2.134826742843946
119 41.379532087887654 2.1391477908960947
120 41.37957370512277 2.1458754621456597
121 41.3782834580147 2.153840981176291
122 41.38061425760855 2.1560352464068986
123 41.379323098998526 2.165905638828514
124 41.37850863785918 2.17235832835053
125 41.37979799169303 2.1770216047797346
126 41.379217783993525 2.180531317210488
127 41.376668834137185 2.1895467205794166
128 41.38018507347296 2.1919170553116767
129 41.38348368654019 2.105447966713327
130 41.38300010671977 2.112476871837919
131 41.38089109347236 2.1165411771183007
132 41.383149422404536 2.1191538625901125
133 41.383034835110884 2.127892149807461
134 41.38289588763319 2.133829490492735
135 41.38225057775694 2.1422196498653943
136 41.38347501154198 2.146500853326598
137 41.3851527750029 2.1523095706773456
138 41.381803003357525 2.1554980649257733
139 41.38490434518365 2.1616875831332116
140 41.381827287118064 2.169445715627411
141 41.38154616417879 2.1786855462535684
142 41.382988875149145 2.1837720603750865
143 41.38271932103933 2.190736972617084
144 41.38079300340899 2.193535556104356
145 41.3852803568714 2.1988703696185916
146 41.3893722301075 2.100249192258382
147 41.38961765309942 2.1038522312298187
148 41.388527722767776 2.1075028214213156
149 41.38936596881089 2.116707943943735
150 41.3859886380846 2.119065240594283
151 41.38862824419227 2.128513312230399
152 41.389631807490986 2.1334563633626145
153 41.38720070741179 2.13963661180292
154 41.38850352598169 2.1429492357466957
155 41.3869864703544 2.151139502660569
156 41.38803747564519 2.1552307072765418
157 41.388855403696425 2.1630238423432666
158 41.386110432455254 2.1680684342025924
159 41.38572663726317 2.1777981538262696
160 41.385370801046 2.180921242085482
161 41.38704876110462 2.186682023861735
162 41.38880822739449 2.1941516630746896
163 41.38618470091883 2.2026320503129404
164 41.38690801407154 2.203146091868898
165 41.39255244909053 2.099309367877535
166 41.39357657090969 2.1045931635048025
167 41.39078020615372 2.1095940556463604
168 41.39451652419081 2.114537429996357
169 41.391494229472826 2.1195701533943336
170 41.393279442821026 2.126867987739965
171 41.393244988610085 2.1321222563304003
172 41.39139547721759 2.1377031107093547
173 41.3930368152687 2.1451982751304124
174 41.39068034631078 2.1493475359810135
175 41.39373162983019 2.1567673622869292
176 41.39244842895652 2.163010292409156
177 41.39304790256336 2.1705559079931516
178 41.393134048713605 2.1734474304517586
179 41.390014187318386 2.182616055907068
180 41.39195679156319 2.187114667677646
181 41.39450185172036 2.191008408737587
182 41.39325205697144 2.2002718500229177
183 41.39376631209668 2.2056386704821964
184 41.39654254447031 2.099729095703285
185 41.398304266994664 2.1061093764098695
186 41.39608515764675 2.111013069421718
187 41.396751407647024 2.1170189366500285
188 41.397910801522656 2.1206339199119637
189 41.394779016137306 2.125187718380472
190 41.395195410995946 2.134395990083446
191 41.39699561354673 2.1377747434153815
192 41.39707052135065 2.1475094481697217
193 41.39601213164003 2.1518863789438907
194 41.39679254369554 2.1580311622947277
195 41.39850200085611 2.161269644410533
196 41.39509715810606 2.171020114303712
197 41.39830501181832 2.1779460444639556
198 41.398802458921296 2.181421414971016
199 41.396840209038416 2.187492603159642
200 41.39536223873377 2.195393540549326
201 41.39715789073949 2.1992789117661733
202 41.39471908363562 2.2030332971641635
203 41.39758340272718 2.2108375107257507
204 41.40226710996515 2.1064300605875874
205 41.40201588152502 2.11090674829693
206 41.40339258458073 2.114756269433372
207 41.399808322445395 2.120359295434254
208 41.401354278911136 2.1305520200794734
209 41.39996746692512 2.1360647741880605
210 41.40150789701829 2.1421348848607793
211 41.40116106198819 2.1454866731407467
212 41.401806020875526 2.1532009238301164
213 41.40031077842624 2.1561911143106984
214 41.40284117894236 2.1646937729265563
215 41.4004106715789 2.171329844533415
216 41.3997836849563 2.1733275113385977
217 41.40059349928812 2.1832587637493006
218 41.399533101139056 2.1898274214384292
219 41.40007604415644 2.196620810186041
220 41.40230924349402 2.2015215066575378
221 41.400491210148736 2.205336240527382
222 41.40280197145654 2.210259387967527
223 41.402791940225896 2.215435198508619
224 41.407160907144025 2.075013037690652
225 41.40793095181131 2.082452401014562
226 41.40823347510405 2.0829568559061946
227 41.40692775462914 2.1046009884288264
228 41.40397097887175 2.109757242217004
229 41.40378276749013 2.1167245167380058
230 41.407272126880194 2.1244472742671894
231 41.40691079667437 2.124850529249395
232 41.40437139062317 2.134780356239626
233 41.40682598407275 2.139854063277469
234 41.40655134675903 2.1457398036107547
235 41.407029476445366 2.1535208217027
236 41.405567664192624 2.1604530885779147
237 41.40424677748571 2.1651163655977537
238 41.403801808940145 2.170226779051676
239 41.40558336916146 2.174341185761357
240 41.405287854147396 2.1800718327104134
241 41.405579783174645 2.1907731539933795
242 41.40482011865184 2.193012999167099
243 41.40809426236369 2.2001327257070846
244 41.40678925857721 2.207238030080651
245 41.405376110823376 2.213616209536491
246 41.40460815506953 2.216502468019871
247 41.40750061203153 2.2211689780587762
248 41.41068881103962 2.075439363943156
249 41.41213882789606 2.0780029721662836
250 41.410312033285145 2.0849769796825175
251 41.409378810807596 2.092163012875872
252 41.4128949308912 2.099147954091716
253 41.41164670888812 2.1063828417785686
254 41.410822117007214 2.111253493445174
255 41.40976918209066 2.1169712453506033
256 41.4112278515257 2.1242316500187446
257 41.41116130696771 2.129635062687264
258 41.41197575324191 2.13148886879587
259 41.41105970236104 2.1375850913852235
260 41.40960916076228 2.1429872163640065
261 41.41184948856079 2.1529411979342186
262 41.40995852987272 2.1597129844195684
263 41.41127515382033 2.165571630035904
264 41.40970260151562 2.1670049915931764
265 41.41102626975629 2.177548468498975
266 41.41051155529253 2.184797143082967
267 41.41043650130261 2.1892488081256785
268 41.40898725160145 2.192259309751489
269 41.40890834448785 2.20229962060539
270 41.41119122577386 2.2077291219295496
271 41.409911377783004 2.2138964028689454
272 41.408804915060124 2.2208036472287698
273 41.412044246936986 2.2223321531455906
274 41.41370635356432 2.0820528976407147
275 41.41512734478572 2.083057788065151
276 41.41631760742721 2.090797793157252
277 41.41724662831406 2.0976275
278 41.417242559740686 2.1040249397241806
279 41.41491067175122 2.108259444713175
280 41.41579308556223 2.1140161621334648
281 41.41371237402672 2.123525131774013
282 41.41634370105984 2.1300804475875235
283 41.415279976107314 2.1358364710151814
284 41.41636267986852 2.139379252636144
285 41.41505779680176 2.146431670326385
286 41.41297721114616 2.1524405082014386
287 41.41739748391197 2.1570257344224957
288 41.41380772189838 2.166133032577043
289 41.41417742858594 2.1721421883654015
290 41.417335892134986 2.17856472991592
291 41.41651142445386 2.1810259600949595
292 41.41476394314109 2.187564277798234
293 41.41299813836543 2.1924257003259684
294 41.414645860650566 2.2011420338736856
295 41.417122136694104 2.205445160507759
296 41.4171182045667 2.2099586737730172
297 41.4145475245954 2.2149932844183375
298 41.41350235438553 2.221175854737448
299 41.42183620692727 2.0807884492530593
300 41.42027549577245 2.084241681942611
301 41.41811256052178 2.0943502645305934
302 41.41904575096972 2.098024019765937
303 41.41941046237118 2.1006293204392774
304 41.42210439241189 2.112126951121953
305 41.42179482192536 2.117251543206827
306 41.41788456237655 2.120242881581511
307 41.41809316865142 2.12816401820528
308 41.41881866355404 2.13175992307915
309 41.41765632090588 2.141069845602343
310 41.41813868066388 2.1480669056607096
311 41.418488538380714 2.150114558576152
312 41.421647831513404 2.15859054871775
313 41.42200858402583 2.166404854546466
314 41.421705166558574 2.167229526031604
315 41.41935938464403 2.1740168431422293
316 41.4210821784398 2.1818238257695604
317 41.41828143726936 2.189686792540405
318 41.42178908940328 2.1911887961058927
319 41.41863288617922 2.2016990072574405
320 41.4182613997294 2.2035496249017323
321 41.41983187100741 2.211186885328038
322 41.41753768180942 2.2166507988436437
323 41.42345755529823 2.08110696510353
324 41.42318163648601 2.085304189174477
325 41.42519466892441 2.09439731977535
326 41.42617660000189 2.0963579109541173
327 41.42620541757273 2.101562071506715
328 41.42550028079347 2.1073214521825503
329 41.42631201524554 2.114208285105502
330 41.42372734566975 2.120858817834159
331 41.4248636340902 2.1306054269934407
332 41.42392413003402 2.136115135990948
333 41.42571923930519 2.1384380233280127
334 41.42540479349978 2.1443459416864865
335 41.422318761607436 2.149987970399186
336 41.426038362004235 2.1591414102985906
337 41.42367342330252 2.1607537461962103
338 41.42398517072056 2.1672633316074363
339 41.425476961736464 2.1770677338653206
340 41.42219455476738 2.182020256617066
341 41.42235725301377 2.188404637850023
342 41.42615121976002 2.1930266061929777
343 41.422649341615376 2.1985277350912558
344 41.424075281483645 2.207191022992864
345 41.422818997833176 2.209506396336889
346 41.428912679807866 2.076429138633931
347 41.42862497862939 2.0768752086061197
348 41.42852641707158 2.0837513348090737
349 41.42911372112111 2.0919405698757902
350 41.430923892827586 2.0946644586322765
351 41.428147232636256 2.104716888126294
352 41.42789337512552 2.1067820283631633
353 41.42854391422962 2.1125852976671102
354 41.42758548104059 2.1232525208053006
355 41.42702321711893 2.130541041175339
356 41.430172257478034 2.131417606723052
357 41.42984863863812 2.1404945686753627
358 41.42971210754863 2.1432127566590147
359 41.42938203894376 2.1517661938279344
360 41.429548617778245 2.159886864852854
361 41.430644791442056 2.1623818137843056
362 41.43102400909315 2.1678752298754054
363 41.426866656188835 2.17753568359492
364 41.43099138879844 2.1817700552867847
365 41.426948756135026 2.1876660922872375
366 41.43062664217456 2.1957830785954773
367 41.42861768140357 2.2012095951804795
368 41.42887425509271 2.204310516180771
369 41.43211529130224 2.0941700179243647
370 41.431769945015986 2.098003352816673
371 41.43167026112425 2.1263677568987585
372 41.431751244310156 2.136291449027017
373 41.434964747100835 2.138464433205655
374 41.43253883912074 2.1462307477258937
375 41.43289567111359 2.1501047729996254
376 41.43155561225992 2.1594803978906127
377 41.43489417325603 2.162130617250907
378 41.43582172734522 2.171618465466593
379 41.43173003941958 2.1771363945987714
380 41.43469071376264 2.184557692048459
381 41.43252303473627 2.190175536263071
382 41.43171390276881 2.191942371434808
383 41.43421398778622 2.2012982198655164
384 41.43574799517677 2.2039257647166752
385 41.435718629406296 2.2090943496623066
386 41.43913391495866 2.1298779232754477
387 41.43875831062447 2.134476307362558
388 41.43955673837405 2.1403184862069677
389 41.4385222203582 2.144088970458795
390 41.43720485234702 2.1522121662344
391 41.439395070102776 2.1598263263132504
392 41.439452789503385 2.160996497956582
393 41.43953496927798 2.1726143271151477
394 41.43887435212013 2.174907634863105
395 41.438966629916166 2.1795806557258737
396 41.43816547840003 2.18541513842422
397 41.4403477414739 2.190955227189213
398 41.43903594400105 2.2019025949727986
399 41.43612986051815 2.207000596602776
400 41.43697875136606 2.2092347941052908
401 41.4436173297617 2.1305315269832543
402 41.44344417043504 2.1315140123923455
403 41.44241097523054 2.1416600279911684
404 41.44135399421231 2.1485931035370927
405 41.44352713785181 2.151133549436971
406 41.44140444933982 2.1575664015407656
407 41.443524450773054 2.164916824791316
408 41.44353175763911 2.170858794360999
409 41.44169387652593 2.178055243640465
410 41.441349918540936 2.1840800708863397
411 41.44408574541849 2.190694712360652
412 41.44233754532106 2.1942472914556914
413 41.44217788347824 2.19698996429646
414 41.44276297087184 2.202922069169939
415 41.44580611681264 2.134944570322204
416 41.44716437578665 2.1405124319002025
417 41.446192338315704 2.1473706834896897
418 41.44597638613906 2.1538676885234156
419 41.449459673280714 2.1598241714454587
420 41.448555055459245 2.1661041426031105
421 41.44633510443136 2.1727041298482335
422 41.44751696589307 2.1744238083789407
423 41.448570205601044 2.181848974547889
424 41.44743632215597 2.1870121272456555
425 41.44852026836443 2.191506896237008
426 41.446223866705935 2.199873031284986
427 41.445552589614756 2.2040435888661483
428 41.44973239538833 2.1596567457268168
429 41.45332222510872 2.165928677296395
430 41.4536891641333 2.1713398132731583
431 41.45084491705956 2.1729974313739833
432 41.449947578488434 2.1839024407903156
433 41.45092011025764 2.190110034685568
434 41.45262340577589 2.191363812657192
435 41.44983269149236 2.200292554051587
436 41.45842293434587 2.166734327016382
437 41.4578182496257 2.170799079364282
438 41.454430511772884 2.1775649
439 41.45438876397307 2.182291997164039
440 41.45595522214464 2.1854355467882516
441 41.455515374175754 2.1914195597060524
442 41.45930694012641 2.1699874083975588
443 41.46175090742354 2.1753408898914794
444 41.4631083416245 2.1837881850080803
445 41.46237357993781 2.18496672174032
446 41.46357990204225 2.1778828121936225
447 41.46614262281882 2.1815184299808266
448 41.46413758680828 2.1855723716386093
